int a_a_img = 
{
{
{1,1,1,1,0,0,0,0,0,0,0,0,0,0,0,1,1,1,1,1,0,0,0,0,0,1,1,1,1,0,0,0,0,1,1,1,1,1,0,0,0,0,0,1,1,1,1,1,1,1,1,1,1,1,1,1,1,1,1,1,1,1,1,0,0,0,0,0,0,1,1,1},
{1,1,1,1,1,1,1,1,0,0,0,0,0,0,0,0,1,1,1,1,1,0,0,0,0,1,1,1,0,0,0,0,1,1,1,1,0,0,0,0,0,1,1,1,1,1,1,1,0,0,0,0,0,0,0,0,0,0,1,1,1,1,1,1,1,1,0,0,0,0,0,1},
{1,1,1,1,1,1,1,1,1,1,0,0,0,0,0,0,1,1,1,1,1,0,0,0,0,1,1,1,0,0,0,1,1,1,1,0,0,0,0,1,1,1,1,0,0,0,0,0,0,0,0,0,0,0,0,0,0,0,0,0,0,0,0,1,1,1,1,1,1,0,0,0},
{1,1,1,1,1,1,1,1,1,1,1,1,0,0,0,0,0,1,1,1,1,0,0,0,1,1,1,1,0,0,0,1,1,1,0,0,0,1,1,1,1,0,0,0,0,0,1,1,1,1,1,1,1,1,1,1,1,1,1,1,0,0,0,0,0,0,1,1,1,1,1,0},
{0,0,0,0,0,1,1,1,1,1,1,1,1,1,0,0,0,0,1,1,1,0,0,0,1,1,1,0,0,0,1,1,1,0,0,0,1,1,1,0,0,0,0,1,1,1,1,1,1,1,0,0,0,0,0,0,1,1,1,1,1,1,1,1,0,0,0,0,1,1,1,1},
{0,0,0,0,0,0,0,0,0,1,1,1,1,1,1,0,0,0,0,1,1,1,0,0,1,1,1,0,0,0,1,1,0,0,0,1,1,0,0,0,1,1,1,1,1,0,0,0,0,0,0,0,0,0,0,0,0,0,0,0,0,1,1,1,1,1,0,0,0,0,1,1},
{0,0,0,0,0,0,0,0,0,0,0,0,1,1,1,1,0,0,0,1,1,1,0,0,0,1,1,0,0,1,1,0,0,0,1,1,0,0,0,1,1,1,0,0,0,0,1,1,1,1,1,1,1,1,1,1,1,1,1,0,0,0,0,0,1,1,1,1,0,0,0,0},
{1,1,1,1,1,1,1,0,0,0,0,0,0,1,1,1,1,0,0,0,1,1,0,0,0,1,1,0,0,1,1,0,0,1,1,0,0,1,1,1,0,0,0,1,1,1,1,0,0,0,0,0,0,0,0,0,0,1,1,1,1,1,0,0,0,0,1,1,1,1,0,0},
{1,1,1,1,1,1,1,1,1,1,0,0,0,0,0,1,1,1,0,0,1,1,1,0,0,1,1,0,0,1,0,0,1,1,0,0,1,1,0,0,0,1,1,1,0,0,0,0,1,1,1,1,1,1,1,1,0,0,0,0,0,1,1,1,0,0,0,0,1,1,1,0},
{1,1,1,1,1,1,1,1,1,1,1,1,1,0,0,0,1,1,1,0,0,1,1,0,0,1,1,0,1,1,0,0,1,0,0,1,1,0,0,1,1,0,0,0,1,1,1,1,1,0,0,0,0,0,1,1,1,1,1,0,0,0,0,1,1,1,0,0,0,1,1,1},
{0,0,0,0,0,0,0,0,0,0,1,1,1,1,0,0,0,1,1,0,0,1,1,0,0,1,0,0,1,1,0,1,1,0,1,1,0,0,1,1,0,0,1,1,0,0,0,0,1,1,1,1,1,1,0,0,0,0,1,1,1,1,0,0,1,1,1,0,0,0,1,1},
{0,0,0,0,0,0,0,0,0,0,0,0,0,1,1,1,0,0,1,1,0,0,1,0,0,1,0,0,1,0,0,1,0,0,1,0,0,1,0,0,1,1,0,0,1,1,1,1,0,0,0,0,0,0,1,1,1,1,0,0,0,1,1,0,0,0,1,1,0,0,0,1},
{1,1,1,1,1,1,1,1,1,1,1,0,0,0,0,1,1,0,0,1,0,0,1,0,0,1,0,1,1,0,1,0,0,1,0,0,1,0,0,1,0,0,1,1,0,0,0,1,1,1,1,1,1,1,0,0,0,1,1,1,0,0,1,1,0,0,0,1,1,0,0,1},
{1,1,1,1,0,0,0,0,0,1,1,1,1,1,0,0,1,1,0,1,1,0,1,0,0,1,0,1,0,0,1,0,1,0,0,1,0,1,1,0,1,1,0,0,1,1,0,0,0,0,0,0,0,0,0,1,1,0,0,1,1,0,0,1,1,0,0,1,1,1,0,0},
{0,0,0,0,0,0,0,0,0,0,0,0,0,1,1,0,0,1,0,0,1,0,1,0,1,1,0,1,0,1,0,0,1,0,1,0,1,1,0,1,0,0,1,1,0,0,1,1,1,0,0,0,1,1,1,0,0,1,1,0,1,1,0,0,1,1,0,0,1,1,0,0},
{0,0,0,1,1,1,1,1,1,1,1,1,1,0,0,1,0,0,1,0,1,0,1,0,1,0,1,1,0,1,0,1,0,1,0,1,1,0,1,0,1,1,0,1,1,0,0,1,1,1,1,1,1,0,0,1,1,0,1,1,0,1,0,0,1,1,0,0,1,1,0,0},
{0,1,1,1,1,0,0,0,0,0,0,0,0,1,1,0,1,0,1,0,1,0,1,0,1,0,1,0,1,0,1,0,1,1,0,1,0,1,0,1,0,0,1,0,1,1,0,0,0,1,1,1,0,0,1,1,0,1,0,1,0,1,1,0,1,1,0,0,1,1,0,0},
{1,1,1,0,0,0,0,1,1,1,1,1,1,0,0,1,0,0,1,0,0,1,0,1,0,1,0,1,1,0,1,0,1,0,1,0,1,0,1,0,1,0,0,1,0,0,1,0,0,0,1,1,0,0,1,0,0,1,0,1,0,1,0,0,1,1,0,0,1,1,0,0},
{1,0,0,0,1,1,1,1,0,0,0,0,0,0,1,0,1,0,0,1,1,0,1,0,1,1,0,1,0,1,0,1,0,1,0,1,0,1,0,1,0,1,1,0,1,0,1,1,0,0,1,1,1,0,1,1,1,1,1,0,1,1,0,1,1,0,0,1,1,1,0,0},
{0,0,0,1,1,1,0,0,1,1,1,0,0,0,0,1,0,0,0,1,0,1,0,1,0,1,1,0,1,0,1,0,1,0,1,0,1,0,1,0,1,0,1,1,0,1,0,1,1,0,1,1,1,1,0,1,1,1,0,1,1,0,1,1,0,0,1,1,1,0,0,1},
{0,0,1,1,1,0,0,1,1,0,0,1,0,1,0,1,1,1,0,0,1,1,0,0,1,0,1,1,0,1,0,1,0,1,0,1,0,1,0,1,0,1,1,0,1,0,1,0,1,0,1,1,0,0,0,1,1,0,0,0,1,1,1,0,0,1,1,1,0,0,0,1},
{0,0,1,1,0,0,1,1,0,0,1,0,1,0,1,1,1,1,0,1,1,1,1,0,0,1,0,1,1,0,1,0,1,0,1,0,1,0,1,1,0,1,0,1,0,1,0,1,0,1,0,1,0,0,0,0,0,1,0,0,0,0,0,1,1,1,0,0,0,1,1,1},
{0,1,1,0,0,1,1,0,0,1,0,0,1,0,1,1,0,1,0,1,1,1,1,0,0,1,1,0,1,1,0,1,0,1,0,1,1,0,1,0,1,0,1,0,1,0,1,0,1,0,1,0,1,1,0,1,1,1,0,0,1,1,1,0,0,0,0,0,1,1,1,0},
{0,1,1,0,0,1,1,0,0,1,0,0,1,0,1,0,1,0,0,1,1,1,1,1,1,0,1,1,0,0,1,0,1,0,1,1,0,1,0,1,0,1,0,1,0,1,0,0,1,0,1,0,1,1,0,1,1,0,1,1,1,0,0,1,1,1,1,1,1,1,0,0},
{0,1,1,0,0,1,1,0,0,1,1,0,1,0,0,1,0,0,1,1,1,1,1,1,1,1,0,0,1,0,0,1,0,1,1,0,1,0,1,0,1,1,0,1,0,1,0,1,0,1,0,1,1,0,1,0,1,1,0,0,0,1,1,1,1,1,0,0,0,0,0,0},
{0,1,1,0,0,0,1,1,0,1,1,0,0,1,0,0,1,1,1,0,0,0,0,0,0,1,1,0,0,1,1,0,1,1,0,1,0,1,1,0,1,0,1,0,1,1,0,1,0,1,0,0,1,0,1,1,0,0,1,1,0,0,0,0,0,0,0,0,0,1,1,1},
{0,1,1,1,0,0,1,1,0,0,1,1,0,0,1,1,0,0,0,0,1,1,1,0,0,0,0,1,1,0,0,1,0,0,1,0,1,1,0,1,0,0,1,0,1,0,0,1,0,1,0,0,1,0,0,1,1,0,0,0,1,1,1,1,1,1,1,1,1,1,1,1},
{0,0,1,1,0,0,0,1,1,0,0,1,1,1,0,0,1,1,1,1,1,1,1,1,1,1,0,0,0,1,1,0,1,1,0,0,1,0,1,1,0,1,0,0,1,0,1,1,0,1,1,0,1,1,0,0,1,1,1,0,0,0,0,1,1,1,1,1,1,0,0,0},
{0,0,0,1,1,0,0,0,1,1,0,0,0,1,1,1,0,0,0,0,0,0,0,0,0,0,1,1,1,0,0,1,1,0,1,1,0,0,1,0,1,1,0,1,1,0,1,1,0,1,1,0,0,1,1,0,0,1,1,1,1,0,0,0,0,0,0,0,0,0,0,0},
{1,0,0,0,1,1,0,0,0,1,1,1,0,0,0,0,1,1,1,1,1,1,1,1,1,1,0,0,0,1,1,0,0,1,1,0,0,1,0,0,1,1,0,1,1,0,1,1,0,0,1,1,0,0,1,1,0,0,0,1,1,1,1,1,1,1,0,0,0,1,1,1},
{1,1,0,0,0,1,1,1,0,0,0,1,1,1,1,0,0,0,0,0,0,0,0,0,0,0,1,1,1,0,0,0,1,1,0,0,1,1,0,1,1,0,0,1,0,0,1,1,0,0,1,1,0,0,1,1,1,0,0,0,0,1,1,1,1,1,1,1,1,1,1,1},
{1,1,1,0,0,0,1,1,1,1,0,0,0,0,1,1,1,1,1,1,1,1,1,1,1,1,0,0,0,0,1,1,0,0,0,1,1,0,0,1,0,0,1,1,0,0,1,1,0,0,1,1,1,0,0,1,1,1,1,0,0,0,0,0,0,1,1,1,1,1,1,1},
{0,1,1,1,1,0,0,0,1,1,1,1,1,0,0,0,0,0,0,0,0,0,0,0,0,0,0,1,1,1,0,0,0,1,1,1,0,0,1,1,0,0,1,1,0,0,1,1,0,0,0,1,1,0,0,0,1,1,1,1,1,0,0,0,0,0,0,0,0,0,0,0},
{0,0,1,1,1,1,0,0,0,0,0,1,1,1,1,1,1,1,1,1,1,1,1,1,1,1,1,1,0,0,0,1,1,1,0,0,0,1,1,0,0,1,1,1,0,0,1,1,0,0,0,1,1,1,0,0,0,0,1,1,1,1,1,0,0,0,0,0,0,0,0,0},
{0,0,0,0,1,1,1,1,1,0,0,0,0,0,0,1,1,1,1,1,1,1,1,1,0,0,0,0,0,1,1,1,1,0,0,0,1,1,0,0,0,1,1,0,0,0,1,1,1,0,0,1,1,1,1,0,0,0,0,1,1,1,1,1,1,1,1,1,1,0,0,0},
{1,1,0,0,0,0,1,1,1,1,1,1,0,0,0,0,0,0,0,0,0,0,0,0,0,0,1,1,1,1,1,0,0,0,1,1,1,0,0,0,1,1,1,0,0,0,1,1,1,0,0,0,1,1,1,1,0,0,0,0,0,1,1,1,1,1,1,1,1,1,1,1},
{1,1,1,1,0,0,0,0,0,1,1,1,1,1,1,1,1,1,1,1,1,1,1,1,1,1,1,1,0,0,0,0,0,1,1,1,0,0,0,1,1,1,1,0,0,0,1,1,1,0,0,0,1,1,1,1,1,0,0,0,0,0,0,1,1,1,1,1,1,1,1,1},
{0,1,1,1,1,1,0,0,0,0,0,0,0,0,1,1,1,1,1,1,1,1,1,1,0,0,0,0,0,0,0,1,1,1,1,0,0,0,0,1,1,1,0,0,0,1,1,1,1,0,0,0,0,1,1,1,1,1,0,0,0,0,0,0,0,0,1,1,1,1,1,1},
{0,0,0,0,1,1,1,1,1,1,0,0,0,0,0,0,0,0,0,0,0,0,0,0,0,0,0,0,1,1,1,1,1,0,0,0,0,0,1,1,1,0,0,0,0,1,1,1,1,0,0,0,0,1,1,1,1,1,1,0,0,0,0,0,0,0,0,0,0,0,0,0},
{1,0,0,0,0,0,1,1,1,1,1,1,1,1,1,1,0,0,0,0,0,0,1,1,1,1,1,1,1,1,1,0,0,0,0,0,1,1,1,1,1,0,0,0,0,1,1,1,1,0,0,0,0,0,1,1,1,1,1,1,0,0,0,0,0,0,0,0,0,0,0,0}
},
{{
1,1,1,1,1,1,1,1,0,0,0,0,0,0,0,0,1,1,1,1,1,0,0,0,0,0,1,1,1,1,0,0,0,0,1,1,1,1,1,0,0,0,0,0,0,1,1,1,1,1,1,1,1,1,1,1,1,1,1,1,1,0,0,0,0,0,0,0,1,1,1,1},
{1,1,1,1,1,1,1,1,1,1,0,0,0,0,0,0,0,1,1,1,1,0,0,0,0,1,1,1,1,0,0,0,0,1,1,1,1,0,0,0,0,0,1,1,1,1,1,1,1,1,1,0,0,0,0,1,1,1,1,1,1,1,1,1,1,0,0,0,0,0,1,1},
{1,1,1,1,1,1,1,1,1,1,1,1,0,0,0,0,0,1,1,1,1,1,0,0,0,1,1,1,1,0,0,0,1,1,1,1,0,0,0,1,1,1,1,1,1,0,0,0,0,0,0,0,0,0,0,0,0,0,0,0,0,0,1,1,1,1,1,1,0,0,0,0},
{0,0,0,1,1,1,1,1,1,1,1,1,1,0,0,0,0,0,1,1,1,1,0,0,0,1,1,1,0,0,0,1,1,1,0,0,0,0,1,1,1,1,0,0,0,0,0,0,1,1,1,1,1,1,1,1,1,1,0,0,0,0,0,0,0,1,1,1,1,1,0,0},
{0,0,0,0,0,0,0,0,1,1,1,1,1,1,1,0,0,0,0,1,1,1,0,0,0,1,1,1,0,0,0,1,1,0,0,0,1,1,1,1,0,0,0,0,1,1,1,1,1,1,1,1,1,1,1,1,1,1,1,1,1,1,0,0,0,0,0,1,1,1,1,1},
{0,0,0,0,0,0,0,0,0,0,0,1,1,1,1,1,0,0,0,1,1,1,0,0,0,1,1,1,0,0,1,1,1,0,0,1,1,1,0,0,0,1,1,1,1,1,0,0,0,0,0,0,0,0,0,0,0,0,0,0,1,1,1,1,1,0,0,0,0,1,1,1},
{0,0,0,0,0,0,0,0,0,0,0,0,0,1,1,1,1,0,0,0,1,1,1,0,0,1,1,0,0,0,1,1,0,0,1,1,1,0,0,1,1,1,1,0,0,0,0,1,1,1,1,1,1,1,1,1,1,1,0,0,0,0,0,1,1,1,1,0,0,0,0,1},
{1,1,1,1,1,1,1,1,1,0,0,0,0,0,1,1,1,1,0,0,1,1,1,0,0,1,1,0,0,1,1,0,0,1,1,1,0,0,1,1,0,0,0,1,1,1,1,1,1,0,0,0,0,0,0,1,1,1,1,1,1,0,0,0,0,1,1,1,1,0,0,0},
{1,1,1,1,1,1,1,1,1,1,1,0,0,0,0,0,1,1,0,0,0,1,1,0,0,1,1,0,0,1,1,0,0,1,1,0,0,1,1,0,0,1,1,1,0,0,0,0,0,1,1,1,1,1,0,0,0,0,0,0,1,1,1,1,0,0,0,1,1,1,0,0},
{0,0,0,0,0,0,0,0,1,1,1,1,1,0,0,0,0,1,1,0,0,1,1,0,0,1,1,0,0,1,0,0,1,1,0,0,1,0,0,1,1,1,0,0,0,1,1,1,1,1,1,1,1,1,1,1,1,1,1,0,0,0,1,1,1,0,0,0,1,1,1,0},
{0,0,0,0,0,0,0,0,0,0,0,1,1,1,1,0,0,0,1,1,0,0,1,0,0,1,1,0,1,1,0,1,1,0,0,1,0,0,1,1,0,0,1,1,1,0,0,0,0,0,1,1,0,0,0,0,0,0,1,1,1,0,0,0,1,1,1,0,0,1,1,1},
{0,0,1,1,1,1,1,1,0,0,0,0,0,0,1,1,0,0,1,1,0,0,1,1,0,1,1,0,1,0,0,1,0,0,1,0,0,1,1,0,1,1,0,0,0,1,1,1,1,0,0,0,1,1,1,1,1,0,0,0,1,1,1,0,0,1,1,1,0,0,1,1},
{1,1,1,1,1,1,1,1,1,1,1,1,0,0,0,1,1,0,0,1,1,0,1,1,0,1,0,0,1,0,1,1,0,1,0,0,1,0,0,1,1,0,1,1,1,0,0,0,1,1,1,1,1,1,0,0,0,1,1,0,0,0,1,1,0,0,1,1,1,0,0,1},
{1,1,0,0,0,0,0,0,0,0,0,1,1,1,0,0,1,1,0,0,1,0,1,1,0,1,0,1,1,0,1,0,1,1,0,1,0,0,1,0,0,1,0,0,1,1,1,0,0,0,0,0,0,0,1,1,1,0,0,1,1,0,0,1,1,0,0,1,1,0,0,1},
{0,0,0,0,0,0,0,1,0,0,0,0,0,0,1,1,0,1,1,0,1,0,1,1,0,1,0,1,0,1,1,0,1,0,1,0,0,1,0,1,1,0,1,1,0,0,1,1,1,1,1,1,1,1,1,0,0,1,0,0,1,1,0,1,1,0,0,1,1,1,0,0},
{0,0,1,1,1,1,1,1,1,1,1,1,1,0,0,1,1,0,1,0,1,0,1,0,1,1,0,1,0,1,0,1,0,1,1,0,1,0,1,0,0,1,0,0,1,0,0,0,1,1,1,1,1,0,0,1,1,0,1,0,0,1,0,0,1,1,0,1,1,1,0,0},
{1,1,1,1,0,0,0,0,0,0,0,0,0,1,1,0,1,0,1,0,1,0,1,0,1,0,1,0,1,0,1,1,0,1,0,1,0,1,0,1,1,0,1,0,0,1,1,0,0,0,1,0,0,0,1,0,1,0,1,1,0,1,0,0,1,1,0,1,1,1,0,0},
{1,1,0,0,0,0,1,1,1,1,1,1,1,1,0,1,0,1,1,0,1,1,0,1,0,1,1,0,1,0,1,0,1,0,1,0,1,0,1,0,0,1,0,1,0,0,1,1,0,0,0,0,0,1,1,1,0,1,0,1,0,1,0,0,1,0,0,1,1,1,0,0},
{1,0,0,0,1,1,1,0,0,0,0,0,0,0,0,1,1,1,1,1,0,1,0,1,0,1,0,1,0,1,0,1,0,1,0,1,0,1,0,1,0,0,1,0,1,0,0,1,1,0,0,0,0,0,1,1,0,1,1,0,1,1,0,1,1,0,0,1,1,0,0,1},
{0,0,0,1,1,0,0,0,1,1,1,0,0,0,0,0,0,1,0,1,0,1,0,1,1,0,1,0,1,0,1,0,1,0,1,0,1,0,1,0,0,1,0,1,0,1,0,0,1,0,0,1,1,1,0,1,1,1,0,1,0,0,1,1,0,0,1,1,0,0,0,1},
{0,0,1,1,0,0,1,1,1,0,1,1,0,1,0,1,1,1,0,0,0,1,1,0,1,0,0,1,0,1,0,1,0,1,0,1,0,1,1,0,1,0,1,0,1,0,1,0,1,1,0,1,0,1,0,1,1,0,0,1,1,1,0,0,0,1,1,0,0,0,1,1},
{0,1,1,0,0,0,1,1,0,1,1,0,1,0,1,1,1,1,1,1,1,1,1,0,0,1,0,0,1,0,1,0,1,0,1,1,0,1,0,1,0,1,0,1,0,1,0,1,0,1,0,1,0,0,0,0,0,1,1,0,0,0,1,1,1,1,0,0,0,1,1,1},
{0,1,1,0,0,1,1,0,0,1,0,1,1,1,0,1,0,1,0,1,1,1,1,1,0,0,1,0,0,1,0,1,0,1,1,0,1,0,1,0,1,0,1,0,1,0,1,0,1,0,1,0,1,0,0,1,0,1,0,0,0,0,0,0,0,0,0,1,1,1,1,0},
{1,1,1,0,0,1,1,0,1,1,0,1,1,0,1,0,1,0,1,1,1,1,1,1,1,0,0,1,1,0,1,0,1,1,0,1,0,1,0,1,0,1,0,1,1,0,1,0,1,0,1,0,1,0,1,0,1,0,1,1,1,1,1,1,1,1,1,1,1,0,0,0},
{1,1,1,0,0,1,1,0,0,1,0,0,1,0,1,1,0,1,1,1,0,0,0,1,1,1,0,0,1,1,0,1,0,0,1,0,1,0,1,1,0,1,0,1,0,1,0,1,0,0,1,0,1,0,1,0,1,1,0,0,0,0,0,0,0,0,0,0,0,0,0,1},
{0,1,1,0,0,1,1,0,0,1,1,0,1,1,0,0,1,1,0,0,0,0,0,0,0,1,1,1,0,1,1,0,1,1,0,1,0,0,1,0,1,0,1,0,0,1,0,1,0,1,1,0,1,0,1,1,0,0,1,1,1,1,0,0,0,0,0,0,1,1,1,1},
{0,1,1,0,0,0,1,1,0,0,1,1,0,0,1,1,0,0,0,1,1,1,1,1,0,0,0,1,1,0,0,1,1,0,1,0,0,1,0,1,1,0,1,0,1,1,0,1,0,1,1,0,1,1,0,1,1,0,0,0,1,1,1,1,1,1,1,1,1,1,1,0},
{0,1,1,1,0,0,1,1,1,0,0,1,1,0,0,0,1,1,1,1,0,0,0,1,1,1,1,0,0,1,1,0,0,1,0,0,1,0,0,1,0,1,1,0,1,0,0,1,0,0,1,0,0,1,0,0,1,1,1,0,0,0,0,0,0,0,0,0,0,0,0,0},
{0,0,1,1,1,0,0,1,1,1,0,0,1,1,1,1,0,0,0,0,0,0,0,0,0,0,0,1,1,0,0,1,1,0,0,1,0,0,1,0,0,1,0,0,1,0,0,1,0,0,1,0,0,1,1,0,0,0,1,1,1,1,0,0,0,0,0,0,0,0,0,0},
{0,0,0,1,1,1,0,0,0,1,1,1,0,0,0,1,1,1,1,1,1,1,1,1,1,1,1,0,0,1,1,1,0,0,1,0,0,1,1,0,1,1,0,1,1,0,0,1,0,0,1,1,0,0,1,1,0,0,0,0,1,1,1,1,1,1,1,1,1,1,1,1},
{1,0,0,0,1,1,1,0,0,0,0,1,1,1,0,0,0,0,0,0,0,0,0,0,0,0,0,1,1,1,0,0,1,1,0,0,1,1,0,0,1,0,0,1,1,0,0,1,0,0,1,1,0,0,0,1,1,1,0,0,0,0,0,1,1,1,1,1,1,1,1,1},
{1,1,0,0,0,0,1,1,1,0,0,0,0,1,1,1,1,1,1,1,1,1,1,1,1,1,1,0,0,0,1,1,1,0,0,1,1,0,0,1,1,0,0,1,1,0,0,1,1,0,0,1,1,0,0,0,1,1,1,1,0,0,0,0,0,0,0,0,0,0,0,0},
{1,1,1,1,0,0,0,1,1,1,1,1,0,0,0,0,0,0,0,0,1,0,0,0,0,0,0,0,1,1,1,0,0,0,1,1,0,0,1,1,0,0,1,1,0,0,0,1,1,0,0,1,1,1,0,0,0,1,1,1,1,1,0,0,0,0,0,0,0,0,0,0},
{0,0,1,1,1,1,0,0,0,0,1,1,1,1,1,1,0,0,0,0,0,0,0,1,1,1,1,1,1,0,0,0,1,1,1,0,0,1,1,1,0,0,1,1,0,0,1,1,1,0,0,0,1,1,1,0,0,0,1,1,1,1,1,1,1,0,0,0,0,0,0,0},
{0,0,0,1,1,1,1,1,0,0,0,0,0,1,1,1,1,1,1,1,1,1,1,1,1,0,0,0,0,0,1,1,1,0,0,0,1,1,1,0,0,1,1,1,0,0,1,1,1,0,0,0,1,1,1,1,0,0,0,0,1,1,1,1,1,1,1,1,1,1,1,1},
{1,0,0,0,0,1,1,1,1,1,1,0,0,0,0,0,0,0,0,0,0,0,0,0,0,0,0,1,1,1,1,1,0,0,0,1,1,1,0,0,0,1,1,1,0,0,1,1,1,0,0,0,0,1,1,1,1,0,0,0,0,0,1,1,1,1,1,1,1,1,1,1},
{1,1,1,0,0,0,0,0,1,1,1,1,1,1,1,1,1,0,0,0,0,1,1,1,1,1,1,1,1,0,0,0,0,1,1,1,1,0,0,0,1,1,1,0,0,0,1,1,1,0,0,0,0,1,1,1,1,1,0,0,0,0,0,0,0,1,1,1,1,1,1,1},
{0,1,1,1,1,0,0,0,0,0,0,0,1,1,1,1,1,1,1,1,1,1,1,1,1,1,0,0,0,0,0,0,1,1,1,1,0,0,0,1,1,1,1,0,0,0,1,1,1,1,0,0,0,0,1,1,1,1,1,0,0,0,0,0,0,0,0,0,0,0,0,0},
{0,0,0,1,1,1,1,1,0,0,0,0,0,0,0,0,0,0,0,0,0,0,0,0,0,0,0,0,0,1,1,1,1,1,0,0,0,0,1,1,1,1,0,0,0,0,1,1,1,1,0,0,0,0,1,1,1,1,1,1,0,0,0,0,0,0,0,0,0,0,0,0},
{1,0,0,0,0,1,1,1,1,1,1,1,1,0,0,0,0,0,0,0,0,0,0,0,0,1,1,1,1,1,1,1,0,0,0,0,0,1,1,1,1,0,0,0,0,1,1,1,1,1,0,0,0,0,0,1,1,1,1,1,1,1,0,0,0,0,0,0,0,0,0,0
}
},
{{
1,1,1,1,1,1,1,1,1,1,0,0,0,0,0,0,0,1,1,1,1,1,0,0,0,0,0,1,1,1,1,0,0,0,0,1,1,1,1,1,0,0,0,0,0,0,0,1,1,1,1,1,1,1,1,1,1,1,1,0,0,0,0,0,0,0,0,1,1,1,1,0},
{1,1,1,1,1,1,1,1,1,1,1,1,0,0,0,0,0,0,1,1,1,1,0,0,0,0,1,1,1,1,0,0,0,0,1,1,1,1,0,0,0,0,0,1,1,1,1,1,1,1,1,1,1,1,1,1,1,1,1,1,1,1,1,1,0,0,0,0,0,1,1,1},
{1,1,1,1,1,1,1,1,1,1,1,1,1,0,0,0,0,0,1,1,1,1,0,0,0,0,1,1,1,0,0,0,0,1,1,1,0,0,0,0,1,1,1,1,1,1,0,0,0,0,0,0,0,0,0,0,0,0,0,0,1,1,1,1,1,1,1,0,0,0,0,1},
{0,0,0,0,0,0,0,1,1,1,1,1,1,1,0,0,0,0,0,1,1,1,1,0,0,0,1,1,1,0,0,0,1,1,1,0,0,0,1,1,1,1,1,0,0,0,0,0,0,0,1,1,1,1,1,0,0,0,0,0,0,0,0,0,1,1,1,1,1,0,0,0},
{0,0,0,0,0,0,0,0,0,0,1,1,1,1,1,1,0,0,0,1,1,1,1,0,0,0,1,1,0,0,0,1,1,1,0,0,0,1,1,1,0,0,0,0,0,1,1,1,1,1,1,1,1,1,1,1,1,1,1,1,1,0,0,0,0,0,1,1,1,1,1,0},
{0,0,0,0,0,0,0,0,0,0,0,0,1,1,1,1,1,0,0,0,1,1,1,0,0,0,1,1,0,0,0,1,1,0,0,0,1,1,1,0,0,0,1,1,1,1,1,0,0,0,0,0,0,0,0,0,0,0,1,1,1,1,1,1,0,0,0,0,0,1,1,1},
{1,1,1,1,1,1,1,0,0,0,0,0,0,0,1,1,1,0,0,0,1,1,1,0,0,1,1,1,0,0,1,1,0,0,0,1,1,0,0,0,1,1,1,0,0,0,0,0,1,1,1,1,1,1,1,1,0,0,0,0,0,0,1,1,1,1,0,0,0,0,1,1},
{1,1,1,1,1,1,1,1,1,1,0,0,0,0,0,1,1,1,0,0,0,1,1,0,0,1,1,1,0,0,1,1,0,0,1,1,0,0,1,1,1,0,0,0,1,1,1,1,1,1,1,1,1,1,1,1,1,1,1,1,0,0,0,0,1,1,1,1,0,0,0,0},
{1,1,1,1,1,1,1,1,1,1,1,1,0,0,0,0,1,1,1,0,0,1,1,0,0,1,1,0,0,1,1,0,0,1,1,0,0,1,1,0,0,0,1,1,1,0,0,0,0,0,0,0,0,0,0,0,0,0,0,1,1,1,1,0,0,0,1,1,1,1,0,0},
{0,0,0,0,0,0,0,0,0,1,1,1,1,1,0,0,0,1,1,1,0,0,1,1,0,1,1,0,0,1,1,0,1,1,0,0,1,1,0,0,1,1,0,0,0,1,1,1,1,1,1,1,1,1,1,1,1,1,0,0,0,1,1,1,1,0,0,0,1,1,1,0},
{0,0,0,0,0,0,0,0,0,0,0,0,1,1,1,1,0,0,1,1,0,0,1,1,0,1,1,0,0,1,0,0,1,0,0,1,1,0,1,1,0,0,0,1,1,1,0,0,0,0,0,0,0,0,0,0,0,1,1,1,0,0,0,1,1,1,0,0,0,1,1,1},
{1,1,1,1,1,1,1,1,1,1,0,0,0,0,1,1,1,0,0,1,1,0,1,1,0,1,1,0,1,1,0,1,1,0,1,1,0,1,1,0,0,1,1,0,0,1,1,1,1,1,1,1,1,1,1,1,1,0,0,1,1,1,0,0,0,1,1,0,0,0,1,1},
{1,1,1,1,1,1,1,1,1,1,1,1,1,0,0,0,1,1,0,1,1,0,1,1,0,1,1,0,1,0,0,1,0,1,1,0,1,1,0,1,1,0,0,1,1,0,0,0,0,1,1,1,0,0,0,0,1,1,1,0,0,1,1,0,0,0,1,1,0,0,1,1},
{1,0,0,0,0,0,0,0,0,0,0,0,1,1,1,0,0,1,0,0,1,0,0,1,0,1,0,0,1,0,1,0,0,1,0,1,1,0,1,0,0,1,1,0,0,1,1,1,0,0,0,0,0,1,1,1,0,0,1,1,0,0,1,1,0,0,1,1,1,0,0,1},
{0,0,0,0,1,1,1,1,1,1,1,0,0,0,1,1,0,1,1,0,1,0,0,1,0,1,0,1,1,0,1,0,1,0,1,1,0,1,0,1,1,0,1,1,0,0,0,1,1,1,1,1,1,1,0,0,1,1,0,0,1,0,0,1,1,0,0,1,1,0,0,1},
{0,1,1,1,1,1,1,1,1,1,1,1,1,1,0,1,1,0,1,0,1,0,1,1,0,1,0,1,0,1,0,1,1,0,1,0,1,0,1,1,0,1,0,0,1,1,0,0,0,1,1,1,0,0,0,1,0,0,1,0,1,1,0,1,1,0,0,1,1,0,0,1},
{1,1,1,0,0,0,0,0,0,0,0,0,0,0,1,0,1,0,1,0,1,0,1,0,1,0,1,0,0,1,0,1,0,1,0,1,0,1,0,0,1,0,1,1,0,1,1,0,0,0,0,0,0,0,1,0,1,0,1,0,0,1,0,1,1,0,0,1,1,0,0,1},
{1,0,0,0,0,1,1,1,1,1,1,1,1,1,0,1,0,1,1,0,1,0,1,0,1,0,1,0,1,0,1,0,1,0,1,0,1,0,1,1,0,1,0,1,1,0,1,1,0,0,0,0,0,1,0,1,0,1,1,0,0,1,0,1,1,0,0,1,1,0,0,1},
{0,0,0,1,1,1,0,0,0,0,1,1,1,1,0,1,1,1,1,1,0,1,0,1,0,1,0,1,0,1,0,1,0,1,0,1,0,1,1,0,1,0,1,0,1,1,0,1,1,0,0,0,0,0,0,0,0,0,1,0,1,0,0,1,1,0,1,1,1,0,0,1},
{0,0,1,1,1,0,0,1,1,1,0,0,0,1,1,0,1,1,1,1,0,1,0,0,1,0,1,0,1,0,1,0,1,1,1,1,0,1,0,1,0,1,0,1,0,1,1,0,1,0,0,1,1,1,0,1,1,1,0,1,0,0,1,1,0,0,1,1,0,0,1,1},
{0,1,1,1,0,0,1,1,0,0,1,1,0,1,0,0,0,1,0,0,0,1,1,0,1,1,0,1,0,1,0,1,1,0,1,0,1,0,1,0,1,0,1,0,1,0,1,0,0,1,0,1,0,1,1,1,1,1,1,1,1,1,0,0,1,1,1,0,0,1,1,1},
{1,1,1,0,0,1,1,0,0,1,0,0,1,0,0,1,1,1,1,1,1,1,1,1,0,1,1,0,1,0,1,1,0,1,0,1,0,1,0,1,0,1,0,1,0,1,0,1,0,1,0,1,0,1,1,0,1,1,1,1,1,1,1,1,1,0,0,0,1,1,1,0},
{1,1,1,0,0,1,1,0,1,1,0,1,0,1,0,1,0,0,1,1,1,1,1,1,0,0,1,1,0,1,0,1,1,0,1,0,1,0,1,0,1,0,1,0,1,0,1,1,0,1,1,0,1,0,0,1,0,1,0,0,0,0,0,0,0,0,1,1,1,1,0,0},
{1,1,0,0,1,1,0,0,1,1,0,1,0,1,1,0,1,0,1,1,1,0,1,1,1,0,0,1,1,0,1,0,0,1,0,1,0,1,0,1,0,1,1,0,1,0,1,0,1,0,1,0,1,0,1,0,1,0,0,1,1,1,1,1,1,1,1,1,0,0,0,0},
{1,1,0,0,1,1,0,0,1,1,0,1,1,0,1,1,0,1,1,0,0,0,0,0,1,1,1,0,1,1,0,1,1,0,1,0,1,1,0,1,0,1,0,1,0,1,0,0,1,0,1,0,1,0,1,0,0,1,1,0,0,0,0,0,0,0,0,0,0,0,1,1},
{1,1,1,0,0,1,1,0,0,1,0,0,1,1,0,1,1,0,0,0,0,0,0,0,0,0,1,1,0,0,1,0,0,1,0,1,1,0,1,0,1,0,0,1,0,1,0,1,0,0,1,0,1,0,0,1,0,0,1,1,1,1,1,1,1,1,1,1,1,1,1,1},
{1,1,1,0,0,1,1,0,0,1,1,0,0,1,1,0,0,0,1,1,1,1,1,1,1,0,0,0,1,1,0,1,1,0,1,1,0,1,0,0,1,0,1,0,0,1,0,1,0,0,1,0,1,1,0,0,1,1,0,0,0,1,1,1,1,1,1,1,1,1,0,0},
{0,1,1,1,0,0,1,1,0,0,1,1,1,0,0,1,1,1,1,0,0,0,0,0,1,1,1,0,0,0,1,1,0,1,1,0,1,1,0,1,0,0,1,0,1,1,0,1,0,0,1,0,0,1,1,0,0,1,1,1,0,0,0,0,0,0,0,0,0,0,0,0},
{0,0,1,1,0,0,0,1,1,0,0,0,1,1,1,0,0,0,0,1,1,1,1,0,0,0,0,1,1,1,0,0,1,0,0,1,1,0,1,1,0,1,1,0,1,0,0,1,0,0,1,1,0,0,1,1,0,0,1,1,1,1,1,1,0,0,0,0,0,0,1,1},
{0,0,0,1,1,0,0,0,1,1,1,0,0,0,1,1,1,1,1,1,1,1,1,1,1,1,1,0,0,0,1,1,0,0,1,1,0,1,1,0,0,1,0,0,1,0,0,1,1,0,1,1,0,0,1,1,1,0,0,0,0,1,1,1,1,1,1,1,1,1,1,1},
{1,0,0,0,1,1,1,0,0,0,1,1,1,0,0,0,0,0,0,0,1,0,0,0,0,0,0,1,1,1,0,0,1,1,1,0,1,1,0,0,1,1,0,1,1,0,0,1,1,0,0,1,1,0,0,1,1,1,1,0,0,0,0,0,1,1,1,1,1,1,1,1},
{1,1,0,0,0,1,1,1,0,0,0,0,1,1,1,1,1,1,1,0,0,0,1,1,1,1,1,1,0,0,0,1,1,0,0,1,1,0,0,1,1,0,0,1,1,0,0,1,1,0,0,1,1,1,0,0,1,1,1,1,1,0,0,0,0,0,0,0,0,0,0,0},
{1,1,1,0,0,0,0,1,1,1,1,0,0,0,0,0,1,1,1,1,1,1,1,1,0,0,0,0,1,1,1,1,0,0,1,1,0,0,0,1,1,0,0,1,1,0,0,1,1,0,0,0,1,1,0,0,0,0,1,1,1,1,1,0,0,0,0,0,0,0,0,0},
{0,1,1,1,1,0,0,0,0,1,1,1,1,1,0,0,0,0,0,0,0,0,0,0,0,1,1,1,1,1,0,0,0,1,1,0,0,0,1,1,0,0,1,1,1,0,0,1,1,0,0,0,1,1,1,0,0,0,0,1,1,1,1,1,1,1,1,1,1,1,1,1},
{0,0,0,1,1,1,1,0,0,0,0,0,1,1,1,1,1,1,1,1,1,1,1,1,1,1,1,0,0,0,0,1,1,1,0,0,0,1,1,0,0,0,1,1,0,0,0,1,1,1,0,0,0,1,1,1,0,0,0,0,0,1,1,1,1,1,1,1,1,1,1,1},
{0,0,0,0,0,1,1,1,1,1,0,0,0,0,0,0,0,0,0,0,0,0,0,0,0,0,0,0,1,1,1,1,0,0,0,0,1,1,1,0,0,1,1,1,0,0,0,1,1,1,0,0,0,1,1,1,1,0,0,0,0,0,0,0,1,1,1,1,1,1,1,1},
{1,1,0,0,0,0,0,1,1,1,1,1,1,1,0,0,0,0,0,0,0,0,0,0,1,1,1,1,1,1,0,0,0,0,1,1,1,1,0,0,0,1,1,1,0,0,0,1,1,1,0,0,0,0,1,1,1,1,1,0,0,0,0,0,0,0,0,0,0,1,1,1},
{1,1,1,1,0,0,0,0,0,0,1,1,1,1,1,1,1,1,1,1,1,1,1,1,1,1,1,0,0,0,0,0,0,1,1,1,0,0,0,0,1,1,1,0,0,0,0,1,1,1,0,0,0,0,0,1,1,1,1,1,0,0,0,0,0,0,0,0,0,0,0,0},
{0,0,1,1,1,1,1,0,0,0,0,0,0,0,0,0,0,1,1,1,1,0,0,0,0,0,0,0,0,0,1,1,1,1,1,0,0,0,0,1,1,1,1,0,0,0,0,1,1,1,1,0,0,0,0,1,1,1,1,1,1,1,0,0,0,0,0,0,0,0,0,0},
{0,0,0,0,1,1,1,1,1,1,1,0,0,0,0,0,0,0,0,0,0,0,0,0,0,0,0,1,1,1,1,1,1,0,0,0,0,0,1,1,1,1,0,0,0,0,1,1,1,1,1,0,0,0,0,0,1,1,1,1,1,1,1,1,0,0,0,0,0,0,0,0
}
},
{{
1,1,1,1,1,1,1,1,1,1,1,1,0,0,0,0,0,0,1,1,1,1,1,0,0,0,0,1,1,1,1,1,0,0,0,0,1,1,1,1,1,0,0,0,0,0,0,0,0,1,1,1,1,1,1,1,0,0,0,0,0,0,0,0,0,0,1,1,1,1,1,0},
{1,1,1,1,1,1,1,1,1,1,1,1,1,0,0,0,0,0,0,1,1,1,1,0,0,0,0,1,1,1,1,0,0,0,1,1,1,1,1,0,0,0,0,0,1,1,1,1,1,1,1,1,1,1,1,1,1,1,1,1,1,1,0,0,0,0,0,0,1,1,1,1},
{0,0,0,0,0,0,1,1,1,1,1,1,1,1,0,0,0,0,0,1,1,1,1,0,0,0,0,1,1,1,0,0,0,1,1,1,1,0,0,0,0,1,1,1,1,1,1,1,0,0,0,0,0,0,0,0,0,0,1,1,1,1,1,1,1,1,0,0,0,0,1,1},
{0,0,0,0,0,0,0,0,0,1,1,1,1,1,1,0,0,0,0,0,1,1,1,0,0,0,1,1,1,0,0,0,0,1,1,1,0,0,0,1,1,1,1,1,0,0,0,0,0,0,0,0,0,0,0,0,0,0,0,0,0,0,0,1,1,1,1,1,0,0,0,0},
{0,0,0,0,0,0,0,0,0,0,0,1,1,1,1,1,0,0,0,0,1,1,1,0,0,0,1,1,1,0,0,0,1,1,1,0,0,0,1,1,1,0,0,0,0,0,1,1,1,1,1,1,1,1,1,1,1,1,1,1,0,0,0,0,0,0,1,1,1,1,0,0},
{1,1,1,1,0,0,0,0,0,0,0,0,0,1,1,1,1,0,0,0,0,1,1,0,0,0,1,1,1,0,0,1,1,1,0,0,1,1,1,0,0,0,0,1,1,1,1,1,0,0,0,0,0,0,0,0,0,1,1,1,1,1,1,0,0,0,0,0,1,1,1,1},
{1,1,1,1,1,1,1,1,1,0,0,0,0,0,1,1,1,1,0,0,0,1,1,1,0,0,1,1,0,0,0,1,1,0,0,1,1,1,0,0,1,1,1,1,0,0,0,0,0,0,0,0,1,0,0,0,0,0,0,0,0,1,1,1,1,1,0,0,0,1,1,1},
{1,1,1,1,1,1,1,1,1,1,1,0,0,0,0,0,1,1,1,0,0,1,1,1,0,0,1,1,0,0,1,1,0,0,1,1,0,0,0,1,1,1,0,0,0,1,1,1,1,1,1,1,1,1,1,1,1,1,1,0,0,0,0,0,1,1,1,1,0,0,0,1},
{0,0,0,0,0,0,0,1,1,1,1,1,1,0,0,0,0,1,1,0,0,0,1,1,0,0,1,1,0,0,1,1,0,1,1,0,0,1,1,1,0,0,1,1,1,1,0,0,0,0,0,0,0,0,0,0,0,0,1,1,1,1,0,0,0,0,1,1,1,0,0,0},
{0,0,0,0,0,0,0,0,0,0,0,1,1,1,1,0,0,0,1,1,0,0,1,1,0,0,1,1,0,1,1,0,0,1,0,0,1,1,0,0,1,1,1,0,0,0,1,1,1,1,1,1,1,1,1,1,1,0,0,0,0,1,1,1,0,0,0,1,1,1,0,0},
{0,0,0,1,1,1,0,0,0,0,0,0,0,1,1,1,0,0,1,1,1,0,1,1,0,0,1,0,0,1,1,0,1,1,0,1,1,0,0,1,1,0,0,1,1,1,0,0,0,0,0,0,0,0,0,0,1,1,1,1,0,0,0,1,1,1,0,0,1,1,1,0},
{1,1,1,1,1,1,1,1,1,1,1,0,0,0,0,1,1,0,0,1,1,0,0,1,0,0,1,0,0,1,0,1,1,0,1,1,0,0,1,0,0,1,1,0,0,0,1,1,1,1,1,1,1,1,1,1,0,0,0,1,1,1,0,0,1,1,1,0,0,1,1,1},
{1,1,1,0,0,0,0,0,0,1,1,1,1,1,0,0,1,1,0,0,1,0,0,1,0,0,1,0,1,1,0,1,0,0,1,0,1,1,0,1,1,0,0,1,1,1,0,0,0,0,0,0,0,0,0,0,1,1,0,0,0,1,1,0,0,1,1,1,0,0,1,1},
{0,0,0,0,0,0,0,0,0,0,0,0,1,1,1,0,0,1,1,0,1,1,0,1,0,1,1,0,1,0,1,1,0,1,0,0,1,0,1,1,0,1,1,0,0,1,1,1,1,0,0,0,1,1,1,1,0,0,1,1,0,0,1,1,0,0,1,1,0,0,1,1},
{0,0,0,1,1,1,1,1,1,1,1,1,0,0,1,1,0,0,1,0,1,1,0,1,0,1,0,0,1,0,1,0,1,0,0,1,0,1,0,0,1,0,0,1,1,0,0,1,1,1,1,1,1,1,0,0,1,1,0,1,1,0,0,1,1,0,1,1,1,0,0,1},
{1,1,1,1,1,1,0,0,0,0,0,1,1,1,0,0,1,0,1,0,1,1,0,1,0,1,0,1,0,1,0,0,1,0,1,0,1,0,0,1,0,1,1,0,1,1,0,0,0,0,1,0,0,0,1,1,0,1,1,0,1,1,0,1,1,0,0,1,1,0,0,1},
{1,1,1,0,0,0,0,0,1,1,1,0,0,0,1,1,0,1,0,0,1,0,1,0,1,1,0,1,0,1,0,1,0,1,0,1,0,1,1,0,1,0,1,1,0,1,1,1,0,0,0,0,0,1,1,0,1,0,1,0,1,1,0,1,1,0,0,1,1,0,0,1},
{1,0,0,0,1,1,1,1,1,0,0,0,1,1,0,1,0,1,0,0,1,0,1,0,1,0,1,0,1,0,1,0,1,0,1,0,1,1,0,1,0,1,0,1,1,0,0,1,1,0,0,0,0,1,0,1,0,0,1,0,1,1,0,1,1,0,1,1,1,0,0,1},
{0,0,0,1,1,1,0,0,0,1,1,1,1,1,0,1,1,1,1,1,0,1,0,1,0,1,0,1,0,1,0,1,1,0,1,0,1,0,1,0,1,0,1,0,0,1,0,1,1,0,0,0,0,1,0,0,0,0,1,0,1,0,1,1,0,0,1,1,0,0,1,1},
{0,1,1,1,0,0,0,1,1,0,0,0,1,1,1,0,1,1,1,1,0,1,1,0,1,0,1,0,1,1,0,1,0,1,0,1,0,1,0,1,0,1,0,1,0,0,1,0,1,1,0,1,1,1,0,1,0,1,1,1,0,1,1,0,0,1,1,0,0,0,1,1},
{0,1,1,0,0,0,1,1,0,0,1,0,0,1,0,0,0,1,0,0,0,0,1,0,0,1,0,1,0,1,1,0,1,0,1,0,1,0,1,0,1,0,1,0,1,0,0,1,0,1,0,1,0,1,1,1,0,1,1,1,1,0,0,0,1,1,0,0,0,1,1,1},
{1,1,0,0,0,1,1,0,0,1,0,1,1,0,0,0,0,0,1,1,0,1,1,1,0,1,1,0,1,0,0,1,0,1,0,1,0,1,0,1,0,1,0,1,0,1,1,0,1,0,1,1,0,1,1,1,1,1,1,1,1,1,1,1,0,0,0,1,1,1,1,0},
{1,1,0,0,1,1,0,0,1,1,0,1,0,1,0,1,1,0,1,1,1,1,1,1,1,0,1,1,0,1,1,0,1,0,1,0,1,0,1,0,1,0,1,1,0,1,0,1,0,1,0,1,1,0,1,1,0,1,1,0,0,0,0,0,0,1,1,1,1,0,0,0},
{1,1,0,0,1,1,0,0,1,0,0,1,0,1,0,1,1,0,1,1,0,0,0,1,1,1,0,1,1,0,1,1,0,1,0,1,0,1,1,0,1,0,1,0,1,0,1,0,1,0,1,0,1,0,1,0,1,0,0,1,1,1,1,1,1,1,1,0,0,0,0,1},
{1,1,0,0,1,1,0,0,1,1,0,1,1,0,1,0,0,1,1,0,0,0,0,0,0,1,1,0,0,1,0,0,1,0,1,0,0,1,0,1,0,1,0,1,0,0,1,0,1,0,1,0,1,0,1,1,0,1,1,0,0,0,0,0,0,0,0,0,0,1,1,1},
{1,1,0,0,1,1,0,0,1,1,0,0,1,0,0,1,1,0,0,0,1,1,1,0,0,0,1,1,1,0,1,1,0,1,0,0,1,0,1,0,1,1,0,1,0,1,0,1,1,0,1,0,1,1,0,1,1,0,0,1,1,1,1,1,1,1,1,1,1,1,1,1},
{1,1,0,0,0,1,1,0,0,1,1,0,0,1,1,0,0,1,1,1,1,1,1,1,1,1,0,0,1,1,0,0,1,0,0,1,0,1,1,0,1,0,1,1,0,1,0,1,1,0,1,0,0,1,0,0,1,1,0,0,0,0,0,1,1,1,1,1,0,0,0,0},
{1,1,1,0,0,1,1,1,0,0,1,1,0,0,0,1,1,1,0,0,0,0,0,0,0,1,1,1,0,0,1,1,0,1,1,0,1,1,0,1,1,0,1,0,0,1,0,1,1,0,1,1,0,1,1,0,0,1,1,1,1,0,0,0,0,0,0,0,0,0,0,0},
{0,1,1,1,0,0,1,1,1,0,0,1,1,1,0,0,0,0,1,1,1,1,1,1,0,0,0,0,1,1,0,0,1,1,0,1,1,0,1,1,0,1,1,0,1,1,0,1,1,0,1,1,0,0,1,1,0,0,0,1,1,1,1,1,1,1,1,1,1,1,1,1},
{0,0,1,1,1,0,0,0,1,1,0,0,0,1,1,1,1,1,0,0,0,0,0,0,1,1,1,1,0,0,1,1,0,0,1,1,0,0,1,0,0,1,0,0,1,1,0,1,1,0,0,1,1,0,0,1,1,1,0,0,0,0,1,1,1,1,1,1,1,1,1,1},
{0,0,0,1,1,1,0,0,0,1,1,1,1,0,0,0,0,1,1,1,1,1,1,1,0,0,0,0,1,1,1,0,0,1,1,0,0,1,1,0,1,1,0,0,1,0,0,1,1,0,0,1,1,0,0,0,1,1,1,0,0,0,0,0,0,0,0,0,0,0,0,0},
{1,0,0,0,1,1,1,1,0,0,0,1,1,1,1,1,1,0,0,0,0,0,0,0,1,1,1,1,1,0,0,1,1,1,0,0,1,1,0,0,1,1,0,1,1,0,0,1,1,0,0,0,1,1,0,0,0,1,1,1,1,1,0,0,0,0,0,0,0,0,0,0},
{1,1,0,0,0,0,1,1,1,1,0,0,0,0,0,1,1,1,1,1,1,1,1,1,1,0,0,0,0,1,1,1,0,0,0,1,1,0,0,1,1,0,0,1,1,0,0,1,1,1,0,0,1,1,1,0,0,0,0,1,1,1,1,1,1,1,0,0,0,0,0,0},
{1,1,1,1,0,0,0,0,1,1,1,1,1,0,0,0,0,0,0,0,0,0,0,0,0,0,1,1,1,1,0,0,0,1,1,1,0,0,1,1,1,0,0,1,1,0,0,1,1,1,0,0,0,1,1,1,0,0,0,0,1,1,1,1,1,1,1,1,1,1,1,1},
{0,0,1,1,1,1,0,0,0,0,0,1,1,1,1,1,1,1,1,1,1,1,1,1,1,1,1,1,0,0,0,1,1,1,1,0,0,1,1,1,0,0,1,1,1,0,0,1,1,1,0,0,0,1,1,1,1,0,0,0,0,0,0,1,1,1,1,1,1,1,1,1},
{0,0,0,0,1,1,1,1,0,0,0,0,0,0,0,0,1,1,1,1,1,1,1,0,0,0,0,0,0,1,1,1,1,0,0,0,1,1,1,0,0,0,1,1,1,0,0,0,1,1,1,0,0,0,1,1,1,1,0,0,0,0,0,0,0,0,1,1,1,1,1,1},
{1,0,0,0,0,0,1,1,1,1,1,1,0,0,0,0,0,0,0,0,0,0,0,0,0,0,1,1,1,1,1,0,0,0,0,1,1,1,0,0,0,1,1,1,0,0,0,1,1,1,1,0,0,0,0,1,1,1,1,1,0,0,0,0,0,0,0,0,0,0,0,0},
{1,1,1,0,0,0,0,0,0,1,1,1,1,1,1,1,1,1,1,1,1,1,1,1,1,1,1,1,1,0,0,0,0,1,1,1,1,0,0,0,0,1,1,1,0,0,0,1,1,1,1,0,0,0,0,0,1,1,1,1,1,1,0,0,0,0,0,0,0,0,0,0},
{0,1,1,1,1,1,0,0,0,0,0,0,0,1,1,1,1,1,1,1,1,1,1,1,0,0,0,0,0,0,0,1,1,1,1,1,0,0,0,0,1,1,1,1,0,0,0,1,1,1,1,0,0,0,0,0,1,1,1,1,1,1,1,1,0,0,0,0,0,0,0,0},
{0,0,0,1,1,1,1,1,1,0,0,0,0,0,0,0,0,0,0,0,0,0,0,0,0,0,0,0,0,1,1,1,1,1,0,0,0,0,0,1,1,1,1,0,0,0,0,1,1,1,1,1,0,0,0,0,0,1,1,1,1,1,1,1,1,1,1,1,0,0,0,1
}
},
{{
1,1,1,1,1,1,1,1,1,1,1,1,1,0,0,0,0,0,0,1,1,1,1,1,0,0,0,0,1,1,1,1,0,0,0,0,0,1,1,1,1,1,0,0,0,0,0,0,0,0,0,0,0,0,0,0,0,0,0,0,0,0,0,0,1,1,1,1,1,1,0,0},
{0,0,0,0,0,1,1,1,1,1,1,1,1,1,1,0,0,0,0,0,1,1,1,1,0,0,0,0,1,1,1,0,0,0,0,1,1,1,1,1,0,0,0,0,0,0,1,1,1,1,1,1,1,1,1,1,1,1,1,1,1,0,0,0,0,0,0,1,1,1,1,1},
{0,0,0,0,0,0,0,0,1,1,1,1,1,1,1,0,0,0,0,0,1,1,1,1,0,0,0,1,1,1,1,0,0,0,1,1,1,1,0,0,0,0,1,1,1,1,1,1,1,1,1,0,0,0,1,1,1,1,1,1,1,1,1,1,0,0,0,0,0,0,1,1},
{0,0,0,0,0,0,0,0,0,0,0,1,1,1,1,1,0,0,0,0,1,1,1,1,0,0,0,1,1,1,0,0,0,1,1,1,0,0,0,0,1,1,1,1,1,0,0,0,0,0,0,0,0,0,0,0,0,0,0,0,0,1,1,1,1,1,1,0,0,0,0,0},
{0,0,0,0,0,0,0,0,0,0,0,0,1,1,1,1,1,0,0,0,0,1,1,1,0,0,0,1,1,1,0,0,1,1,1,0,0,0,1,1,1,1,0,0,0,0,0,1,1,1,1,1,1,1,1,1,1,1,0,0,0,0,0,0,1,1,1,1,1,0,0,0},
{1,1,1,1,1,1,1,0,0,0,0,0,0,0,1,1,1,1,0,0,0,1,1,1,0,0,0,1,1,0,0,0,1,1,0,0,0,1,1,1,0,0,0,0,1,1,1,1,1,1,1,0,0,0,1,1,1,1,1,1,1,1,0,0,0,0,0,1,1,1,1,0},
{1,1,1,1,1,1,1,1,1,1,0,0,0,0,0,1,1,1,1,0,0,0,1,1,0,0,1,1,1,0,0,1,1,0,0,0,1,1,0,0,0,1,1,1,1,0,0,0,0,0,0,0,0,0,0,0,0,0,0,0,1,1,1,1,1,0,0,0,0,1,1,1},
{1,1,1,1,1,1,1,1,1,1,1,1,0,0,0,0,1,1,1,0,0,0,1,1,0,0,1,1,0,0,1,1,1,0,0,1,1,0,0,1,1,1,0,0,0,0,1,1,1,1,1,1,1,1,1,1,1,1,0,0,0,0,0,1,1,1,1,0,0,0,1,1},
{0,0,0,0,0,0,0,0,0,1,1,1,1,1,0,0,0,1,1,1,0,0,1,1,0,0,1,1,0,0,1,1,0,0,1,1,0,0,1,1,0,0,0,1,1,1,1,0,0,0,0,0,0,0,0,0,0,1,1,1,1,0,0,0,0,1,1,1,0,0,0,0},
{0,0,0,0,0,0,0,0,0,0,0,0,1,1,1,0,0,0,1,1,0,0,1,1,0,0,1,1,0,0,1,0,0,1,1,0,0,1,1,0,0,1,1,0,0,0,0,1,1,1,1,1,1,1,1,1,0,0,0,0,1,1,1,0,0,0,1,1,1,1,0,0},
{1,1,1,1,1,1,1,1,1,0,0,0,0,0,1,1,1,0,0,1,1,0,0,1,0,0,1,1,0,1,1,0,1,1,0,0,1,0,0,1,1,0,0,0,1,1,1,0,0,0,0,0,0,0,0,1,1,1,1,0,0,0,1,1,1,0,0,0,1,1,1,0},
{1,1,1,1,1,1,1,1,1,1,1,1,0,0,0,1,1,1,0,0,1,0,0,1,0,0,1,0,0,1,0,0,1,0,0,1,0,0,1,1,0,1,1,1,0,0,0,1,1,1,1,1,1,1,1,0,0,0,1,1,1,0,0,0,1,1,0,0,0,1,1,0},
{1,0,0,0,0,0,0,0,0,0,1,1,1,1,0,0,1,1,0,0,1,1,0,1,0,0,1,0,0,1,0,1,1,0,1,0,0,1,0,0,1,1,0,0,1,1,0,0,0,0,0,0,0,0,0,1,1,1,0,0,1,1,1,0,0,1,1,0,0,1,1,1},
{0,0,0,0,0,0,0,0,0,0,0,0,0,1,1,1,0,1,1,0,1,1,0,1,0,0,1,0,1,0,0,1,0,1,0,0,1,0,1,1,0,0,1,0,0,0,1,1,1,1,1,1,1,1,1,0,0,1,1,1,0,1,1,0,0,1,1,1,0,0,1,1},
{0,1,1,1,1,1,1,1,1,1,1,1,0,0,0,1,1,0,1,0,0,1,0,1,0,1,1,0,1,0,1,0,1,1,0,1,0,1,1,0,1,1,0,1,1,0,0,0,1,1,1,1,1,0,0,1,1,0,0,1,1,0,1,1,0,0,1,1,0,0,1,1},
{1,1,1,1,0,0,0,0,0,0,0,0,1,1,1,0,1,0,0,1,0,1,0,1,0,1,0,1,1,0,1,0,1,0,1,0,1,1,0,1,0,1,1,0,0,1,1,0,0,0,0,0,0,0,1,1,0,1,0,0,1,0,0,1,0,0,1,1,0,0,0,1},
{1,1,0,0,0,0,0,1,1,1,1,1,0,0,1,1,0,1,0,1,0,1,0,1,0,1,0,1,0,1,0,1,0,1,0,1,1,0,1,0,1,0,0,1,0,0,1,1,0,0,0,0,0,1,1,0,1,0,1,0,1,0,0,1,1,0,1,1,0,0,0,1},
{0,0,0,0,1,1,1,1,0,0,0,0,0,1,1,0,1,1,0,0,1,0,1,0,1,0,1,0,1,0,1,0,1,1,0,1,0,1,0,1,0,1,0,0,1,0,0,1,1,0,0,0,1,1,0,1,1,0,1,0,1,0,0,1,0,0,1,1,0,0,1,1},
{0,0,1,1,1,0,0,0,1,1,1,1,1,1,0,1,1,1,1,0,0,1,0,1,0,1,0,1,1,0,1,0,1,0,1,0,1,0,1,0,1,0,1,1,0,1,0,0,1,1,0,0,0,1,0,0,0,0,1,0,1,0,1,1,0,0,1,1,0,0,1,1},
{0,1,1,1,0,0,1,1,1,0,0,1,1,1,1,0,1,1,1,0,1,0,1,0,1,0,1,1,0,1,0,1,0,1,0,1,0,1,0,1,0,1,0,1,1,0,1,0,1,1,0,0,1,1,1,1,0,0,1,1,0,1,1,0,0,1,1,0,0,1,1,1},
{1,1,1,0,0,1,1,0,0,1,1,0,1,1,0,0,1,1,1,1,0,0,1,1,0,1,0,1,1,0,1,0,1,0,1,0,1,0,1,0,1,0,1,0,1,1,0,1,0,1,0,1,0,1,1,1,0,1,1,1,1,0,0,1,1,1,0,0,1,1,1,0},
{1,1,0,0,1,1,0,0,1,1,0,1,0,1,0,0,0,0,1,0,0,0,1,1,0,0,1,0,1,1,0,1,0,1,0,1,0,1,0,1,0,1,0,1,1,0,1,0,1,0,1,0,0,1,1,1,1,0,1,1,1,1,1,1,0,0,0,1,1,1,0,0},
{1,1,0,0,1,1,0,0,1,0,0,1,0,1,0,1,1,0,1,1,0,0,0,1,1,0,0,1,0,1,1,0,1,0,1,0,1,0,1,1,0,1,0,1,0,1,0,1,0,1,0,1,0,0,1,1,0,1,1,0,0,0,0,0,1,1,1,1,0,0,0,0},
{1,0,0,0,1,1,0,1,1,0,0,1,0,1,0,1,0,1,1,0,0,0,0,0,1,1,0,0,1,0,0,1,0,1,0,1,1,0,1,0,1,0,1,0,1,0,1,0,1,0,1,0,1,0,1,0,1,1,0,0,1,1,1,1,1,0,0,0,0,0,1,1},
{1,0,0,0,1,1,0,0,1,0,0,1,0,0,1,0,1,1,0,0,0,0,0,0,0,1,1,0,0,1,1,0,1,0,1,1,0,1,0,1,0,1,0,0,1,0,1,0,1,0,1,0,1,0,0,1,0,1,1,1,0,0,0,0,0,0,0,1,1,1,1,1},
{1,1,0,0,1,1,0,0,1,1,0,1,1,0,0,1,1,0,0,1,1,1,1,1,0,0,0,1,1,0,1,1,0,1,1,0,1,0,1,1,0,1,0,1,0,1,1,0,1,0,1,0,0,1,0,1,1,0,0,0,1,1,1,1,1,1,1,1,1,1,1,0},
{1,1,0,0,1,1,1,0,0,1,1,0,1,1,0,0,0,1,1,1,1,1,1,1,1,1,0,0,0,1,0,0,1,1,0,1,0,0,1,0,1,0,0,1,0,1,0,0,1,0,1,1,0,1,1,0,1,1,1,0,0,0,0,0,0,0,0,0,0,0,0,0},
{1,1,1,0,0,1,1,0,0,0,1,1,0,0,1,1,1,0,0,0,0,0,0,0,0,0,1,1,0,0,1,1,0,0,1,0,0,1,0,1,1,0,1,0,0,1,0,0,1,0,1,1,0,0,1,1,0,0,1,1,1,1,0,0,0,0,0,0,0,0,0,1},
{0,1,1,0,0,0,1,1,0,0,0,1,1,1,0,0,0,1,1,1,1,1,1,1,1,0,0,0,1,1,1,0,1,1,0,0,1,0,0,1,0,0,1,0,0,1,0,0,1,0,0,1,0,0,1,1,1,0,0,0,1,1,1,1,1,1,1,1,1,1,1,1},
{0,1,1,1,0,0,0,1,1,1,0,0,0,1,1,1,1,0,0,0,0,0,0,0,0,1,1,1,0,0,0,1,1,0,0,1,0,0,1,1,0,1,1,0,1,1,0,0,1,0,0,1,1,0,0,1,1,1,0,0,0,0,0,1,1,1,1,1,1,1,1,1},
{0,0,1,1,1,0,0,0,0,1,1,1,0,0,0,0,1,1,1,1,1,1,1,1,1,0,0,0,0,1,1,0,0,1,1,0,0,1,1,0,0,1,0,0,1,1,0,0,1,1,0,0,1,1,0,0,1,1,1,1,0,0,0,0,0,0,0,0,0,0,0,0},
{0,0,0,0,1,1,1,0,0,0,0,1,1,1,1,0,0,0,0,0,0,0,0,0,0,1,1,1,1,0,0,0,1,1,0,0,1,1,0,0,1,1,0,0,1,1,0,0,1,1,0,0,1,1,1,0,0,0,1,1,1,1,1,0,0,0,0,0,0,0,0,0},
{1,1,0,0,0,1,1,1,1,0,0,0,0,0,1,1,1,1,1,1,1,1,1,1,1,1,0,0,0,0,1,1,1,0,0,1,1,0,0,1,1,1,0,0,1,1,0,0,1,1,0,0,0,1,1,1,0,0,0,0,1,1,1,1,1,1,1,1,1,1,1,1},
{1,1,1,0,0,0,0,1,1,1,1,1,0,0,0,0,0,0,0,0,0,0,0,0,0,0,0,1,1,1,1,0,0,0,1,1,0,0,0,1,1,0,0,1,1,1,0,0,1,1,0,0,0,1,1,1,1,0,0,0,0,0,1,1,1,1,1,1,1,1,1,1},
{0,1,1,1,1,0,0,0,0,0,1,1,1,1,1,1,1,1,0,0,0,1,1,1,1,1,1,1,0,0,0,0,1,1,1,0,0,0,1,1,0,0,0,1,1,0,0,0,1,1,1,0,0,0,1,1,1,1,0,0,0,0,0,0,0,1,1,1,1,1,1,1},
{0,0,0,1,1,1,1,0,0,0,0,0,0,0,1,1,1,1,1,1,1,1,1,1,1,0,0,0,0,0,1,1,1,1,0,0,0,1,1,1,0,0,1,1,1,0,0,0,1,1,1,0,0,0,0,1,1,1,1,1,0,0,0,0,0,0,0,0,0,0,0,0},
{0,0,0,0,0,1,1,1,1,1,1,0,0,0,0,0,0,0,0,0,0,0,0,0,0,0,0,1,1,1,1,1,0,0,0,0,1,1,1,0,0,0,1,1,1,0,0,0,1,1,1,1,0,0,0,0,1,1,1,1,1,0,0,0,0,0,0,0,0,0,0,0},
{1,1,0,0,0,0,0,0,1,1,1,1,1,1,1,1,1,0,0,0,0,1,1,1,1,1,1,1,1,1,0,0,0,0,1,1,1,1,0,0,0,1,1,1,1,0,0,0,1,1,1,1,0,0,0,0,0,1,1,1,1,1,1,1,0,0,0,0,0,0,0,0},
{1,1,1,1,1,0,0,0,0,0,0,1,1,1,1,1,1,1,1,1,1,1,1,1,1,1,0,0,0,0,0,0,1,1,1,1,1,0,0,0,0,1,1,1,0,0,0,0,1,1,1,1,0,0,0,0,0,1,1,1,1,1,1,1,1,1,1,0,0,0,0,0},
{0,0,1,1,1,1,1,1,0,0,0,0,0,0,0,0,0,0,0,0,0,0,0,0,0,0,0,0,0,0,1,1,1,1,1,0,0,0,0,0,1,1,1,1,0,0,0,0,1,1,1,1,1,0,0,0,0,0,0,1,1,1,1,1,1,1,1,1,1,1,1,1
}
},
{{
1,0,0,0,1,1,1,1,1,1,1,1,1,1,1,0,0,0,0,0,1,1,1,1,1,0,0,0,0,1,1,1,1,0,0,0,0,0,1,1,1,1,1,0,0,0,0,0,0,0,0,0,0,0,0,0,0,0,0,0,0,0,0,1,1,1,1,1,1,0,0,0},
{0,0,0,0,0,0,0,0,1,1,1,1,1,1,1,1,0,0,0,0,0,1,1,1,1,0,0,0,1,1,1,1,0,0,0,0,1,1,1,1,1,0,0,0,0,0,0,1,1,1,1,1,1,1,1,1,1,1,1,0,0,0,0,0,0,0,1,1,1,1,1,0},
{0,0,0,0,0,0,0,0,0,0,1,1,1,1,1,1,0,0,0,0,0,1,1,1,1,0,0,0,1,1,1,0,0,0,0,1,1,1,1,0,0,0,0,1,1,1,1,1,1,1,1,1,1,1,1,1,1,1,1,1,1,1,1,0,0,0,0,0,0,1,1,1},
{0,0,0,0,0,0,0,0,0,0,0,0,1,1,1,1,1,0,0,0,0,1,1,1,1,0,0,0,1,1,1,0,0,0,1,1,1,0,0,0,0,1,1,1,1,1,0,0,0,0,0,0,0,0,0,0,0,0,0,0,1,1,1,1,1,1,0,0,0,0,0,1},
{1,1,1,1,1,0,0,0,0,0,0,0,0,0,1,1,1,1,0,0,0,1,1,1,1,0,0,1,1,1,0,0,0,1,1,1,0,0,0,1,1,1,1,0,0,0,0,0,0,1,1,1,1,1,1,1,0,0,0,0,0,0,0,1,1,1,1,1,0,0,0,0},
{1,1,1,1,1,1,1,1,1,0,0,0,0,0,0,1,1,1,1,0,0,0,1,1,1,0,0,1,1,1,0,0,1,1,1,0,0,1,1,1,1,0,0,0,1,1,1,1,1,1,1,1,1,1,1,1,1,1,1,1,1,0,0,0,0,0,1,1,1,1,0,0},
{1,1,1,1,1,1,1,1,1,1,1,1,0,0,0,0,1,1,1,0,0,0,1,1,1,0,0,1,1,0,0,1,1,1,0,0,1,1,1,0,0,0,1,1,1,1,0,0,0,0,0,0,0,0,0,0,0,0,0,1,1,1,1,1,0,0,0,0,1,1,1,1},
{0,0,0,0,0,0,1,1,1,1,1,1,1,0,0,0,0,1,1,1,0,0,1,1,1,0,0,1,1,0,0,1,1,0,0,1,1,0,0,0,1,1,1,0,0,0,0,1,1,1,1,1,1,1,1,1,1,0,0,0,0,0,1,1,1,1,0,0,0,0,1,1},
{0,0,0,0,0,0,0,0,0,0,1,1,1,1,1,0,0,0,1,1,0,0,0,1,1,0,0,1,1,0,1,1,0,0,1,1,0,0,1,1,1,0,0,1,1,1,1,1,0,0,0,0,0,0,0,1,1,1,1,1,1,0,0,0,1,1,1,1,0,0,0,1},
{0,0,0,0,0,0,0,0,0,0,0,0,0,1,1,1,0,0,0,1,1,0,0,1,1,0,0,1,0,0,1,1,0,1,1,0,0,1,1,0,0,1,1,1,0,0,0,0,1,1,1,1,1,1,1,0,0,0,0,1,1,1,1,0,0,0,1,1,1,0,0,0},
{1,1,1,1,1,1,1,1,1,1,0,0,0,0,1,1,1,0,0,1,1,0,0,1,1,0,1,1,0,0,1,0,0,1,0,0,1,1,0,0,1,1,0,0,1,1,1,1,0,0,0,0,0,0,1,1,1,1,1,0,0,0,1,1,0,0,0,1,1,1,0,0},
{1,1,1,1,1,1,1,1,1,1,1,1,1,0,0,0,1,1,0,0,1,1,0,1,1,0,1,1,0,1,1,0,1,1,0,1,1,0,1,1,0,0,1,1,0,0,0,0,1,1,1,1,1,1,0,0,0,0,1,1,1,0,0,1,1,1,0,0,1,1,1,0},
{0,0,0,0,0,0,0,0,0,0,0,1,1,1,1,0,0,1,1,0,1,1,0,1,1,0,1,0,0,1,0,1,1,0,1,1,0,1,1,0,1,1,0,0,1,1,1,0,0,0,0,0,0,0,1,1,1,0,0,0,1,1,0,0,1,1,1,0,0,1,1,1},
{0,0,0,0,1,1,1,1,1,0,0,0,0,0,1,1,0,0,1,0,0,1,0,1,1,0,1,0,1,1,0,1,0,1,1,0,1,0,0,1,0,0,1,1,0,0,1,1,1,1,1,1,1,1,1,0,0,1,1,0,0,1,1,0,0,1,1,0,0,0,1,1},
{1,1,1,1,1,1,1,1,1,1,1,1,1,0,0,1,1,0,1,1,0,1,0,1,1,0,1,0,1,0,1,1,0,1,0,1,0,0,1,0,1,1,0,0,1,1,0,0,0,1,1,1,0,0,0,1,1,0,0,1,0,0,1,1,0,0,1,1,0,0,1,1},
{1,1,1,0,0,0,0,0,0,0,0,0,0,1,1,0,1,1,0,1,0,1,0,1,0,1,0,0,1,0,1,0,1,0,1,0,0,1,0,1,0,0,1,0,0,1,1,0,0,0,0,0,0,1,1,0,0,1,0,1,1,0,1,1,0,0,1,1,0,0,1,1},
{1,0,0,0,0,1,1,1,1,1,1,1,1,0,0,1,0,1,0,1,0,1,0,1,0,1,0,1,0,1,0,1,0,1,1,0,1,0,1,0,1,1,0,1,0,0,1,1,1,0,0,0,1,1,0,1,1,0,1,0,1,0,0,1,0,0,1,1,0,0,1,1},
{0,0,0,1,1,1,1,0,0,0,0,0,0,1,1,0,1,1,0,1,1,0,1,0,1,0,1,0,1,1,0,1,0,1,0,1,0,1,0,1,0,1,1,0,1,1,0,1,1,1,1,1,1,1,0,1,1,0,1,0,1,0,1,1,0,0,1,1,0,0,1,1},
{0,1,1,1,1,0,0,0,1,1,1,1,1,1,1,1,1,1,1,0,1,1,0,1,0,1,1,0,1,0,1,0,1,0,1,0,1,0,1,0,1,0,0,1,0,1,1,0,1,1,1,0,1,1,0,0,0,0,0,1,1,0,1,0,0,1,1,0,0,1,1,1},
{1,1,1,0,0,0,1,1,0,0,0,1,1,1,1,0,1,1,1,0,1,0,1,0,1,0,0,1,0,1,0,1,0,1,0,1,0,1,0,1,0,1,0,0,1,0,1,0,0,1,0,0,0,0,1,0,0,0,1,0,0,1,0,0,1,1,0,0,0,1,1,0},
{1,1,0,0,0,1,1,0,0,1,1,0,1,1,1,0,1,0,1,1,1,0,1,1,0,1,0,0,1,0,1,0,1,0,1,0,1,0,1,0,1,0,0,1,0,1,0,1,0,1,1,0,1,1,1,1,0,1,1,1,0,0,0,1,1,0,0,0,1,1,1,0},
{1,1,0,0,1,1,0,0,1,1,0,1,0,1,0,0,0,0,1,0,0,0,0,1,1,0,1,0,0,1,0,1,0,1,0,1,0,1,0,1,1,0,1,0,1,0,1,0,1,0,1,0,1,1,1,1,1,0,1,1,1,1,1,0,0,0,1,1,1,0,0,0},
{1,0,0,1,1,1,0,1,1,0,1,1,0,1,0,0,1,0,1,0,0,0,0,1,1,0,0,1,1,0,1,0,1,0,1,1,0,1,0,1,0,1,0,1,0,1,0,1,0,1,0,1,0,0,1,0,1,0,1,1,0,0,1,1,1,1,1,1,0,0,0,1},
{1,0,0,1,1,0,0,1,1,0,1,1,0,1,0,1,0,1,1,0,0,0,0,0,1,1,1,0,1,1,0,1,0,1,1,0,1,0,1,0,1,0,1,0,1,0,1,1,0,1,0,1,0,0,1,0,1,1,0,0,0,1,1,1,0,0,0,0,0,1,1,1},
{1,0,0,1,1,0,0,1,1,0,1,1,0,1,1,0,1,1,0,0,0,1,0,0,0,0,1,1,0,1,1,0,1,0,0,1,0,1,0,1,0,0,1,0,1,0,1,0,1,0,1,1,0,1,0,1,0,0,1,1,1,0,0,0,0,0,1,1,1,1,1,1},
{1,0,0,1,1,1,0,0,1,0,0,1,1,0,1,1,0,0,1,1,1,1,1,1,1,0,0,1,1,0,0,1,0,0,1,0,1,0,0,1,0,1,0,1,0,0,1,0,1,0,1,1,0,1,0,0,1,1,0,0,1,1,1,1,1,1,1,1,1,0,0,0},
{1,0,0,0,1,1,0,0,1,1,0,0,1,1,0,0,1,1,1,1,0,0,0,1,1,1,1,0,0,1,1,0,1,1,0,1,1,0,1,0,1,1,0,1,0,1,1,0,1,0,1,1,0,1,1,0,0,1,1,1,0,0,0,0,0,0,0,0,0,0,0,0},
{1,1,0,0,1,1,1,0,0,1,1,0,0,0,1,1,0,0,0,0,0,0,0,0,0,0,1,1,1,0,0,1,1,0,1,1,0,1,0,0,1,0,1,1,0,1,0,0,1,0,0,1,0,0,1,1,0,0,1,1,1,1,1,1,0,0,0,0,0,1,1,1},
{1,1,1,0,0,1,1,1,0,0,1,1,1,0,0,0,1,1,1,1,1,1,1,1,1,1,0,0,0,1,1,0,0,1,0,0,1,1,0,1,1,0,1,0,0,1,0,0,1,0,0,1,1,0,0,1,1,0,0,0,0,1,1,1,1,1,1,1,1,1,1,1},
{0,1,1,1,0,0,1,1,1,0,0,0,1,1,1,1,0,0,0,0,0,0,0,0,0,0,1,1,1,0,0,1,1,0,0,1,1,0,1,1,0,1,1,0,0,1,0,0,1,1,0,1,1,1,0,0,1,1,1,0,0,0,0,0,0,0,1,1,1,0,0,0},
{0,0,1,1,1,0,0,0,1,1,1,0,0,0,0,1,1,1,1,1,1,1,1,1,1,1,0,0,0,1,1,1,0,0,1,1,0,0,1,0,0,1,1,0,1,1,0,0,1,1,0,0,1,1,0,0,0,1,1,1,1,0,0,0,0,0,0,0,0,0,0,0},
{0,0,0,1,1,1,0,0,0,0,1,1,1,1,0,0,0,0,0,0,0,0,0,0,0,0,1,1,1,1,0,0,1,1,1,0,0,1,1,0,1,1,0,0,1,1,0,0,1,1,0,0,0,1,1,0,0,0,0,1,1,1,1,1,1,0,0,0,0,0,0,0},
{1,0,0,0,0,1,1,1,0,0,0,0,0,1,1,1,1,1,1,1,1,1,1,1,1,1,1,0,0,0,1,1,1,0,0,0,1,1,0,0,1,1,0,0,1,1,0,0,1,1,1,0,0,1,1,1,0,0,0,0,0,1,1,1,1,1,1,1,1,1,1,1},
{1,1,0,0,0,0,1,1,1,1,1,0,0,0,0,0,0,0,0,0,0,0,0,0,0,0,0,0,1,1,1,1,0,0,1,1,1,0,0,1,1,0,0,0,1,1,0,0,1,1,1,0,0,0,1,1,1,1,0,0,0,0,0,1,1,1,1,1,1,1,1,1},
{1,1,1,1,0,0,0,0,0,1,1,1,1,1,1,0,0,0,0,0,0,0,0,0,1,1,1,1,1,0,0,0,0,1,1,1,0,0,1,1,1,0,0,1,1,1,0,0,0,1,1,0,0,0,0,1,1,1,1,0,0,0,0,0,0,0,0,0,1,1,1,1},
{0,0,1,1,1,1,0,0,0,0,0,0,1,1,1,1,1,1,1,1,1,1,1,1,1,1,0,0,0,0,0,1,1,1,0,0,0,1,1,1,0,0,0,1,1,1,0,0,0,1,1,1,0,0,0,0,1,1,1,1,1,0,0,0,0,0,0,0,0,0,0,0},
{0,0,0,0,1,1,1,1,1,0,0,0,0,0,0,0,0,0,0,0,0,0,0,0,0,0,0,0,1,1,1,1,1,0,0,0,1,1,1,0,0,0,0,1,1,1,0,0,0,1,1,1,0,0,0,0,0,1,1,1,1,1,1,0,0,0,0,0,0,0,0,0},
{1,0,0,0,0,0,1,1,1,1,1,1,1,1,0,0,0,0,0,0,0,0,0,0,1,1,1,1,1,1,1,0,0,0,0,1,1,1,1,0,0,0,1,1,1,0,0,0,0,1,1,1,1,0,0,0,0,0,1,1,1,1,1,1,1,1,0,0,0,0,0,0},
{1,1,1,1,0,0,0,0,0,0,1,1,1,1,1,1,1,1,1,1,1,1,1,1,1,1,1,1,0,0,0,0,0,1,1,1,1,0,0,0,0,1,1,1,1,0,0,0,0,1,1,1,1,0,0,0,0,0,0,1,1,1,1,1,1,1,1,1,1,1,1,1},
{0,1,1,1,1,1,0,0,0,0,0,0,0,0,0,0,1,1,1,1,1,1,0,0,0,0,0,0,0,0,0,1,1,1,1,1,0,0,0,0,1,1,1,1,1,0,0,0,0,1,1,1,1,1,0,0,0,0,0,0,1,1,1,1,1,1,1,1,1,1,1,1
}
},
{{
0,0,0,0,0,0,0,0,1,1,1,1,1,1,1,1,0,0,0,0,0,1,1,1,1,1,0,0,0,0,1,1,1,1,0,0,0,0,0,1,1,1,1,1,1,0,0,0,0,0,0,0,0,0,0,0,0,0,0,0,0,1,1,1,1,1,1,1,0,0,0,0},
{0,0,0,0,0,0,0,0,0,0,1,1,1,1,1,1,1,0,0,0,0,1,1,1,1,0,0,0,0,1,1,1,1,0,0,0,0,1,1,1,1,1,0,0,0,0,0,0,0,0,1,1,1,1,1,1,0,0,0,0,0,0,0,0,0,1,1,1,1,1,0,0},
{0,0,0,0,0,0,0,0,0,0,0,0,1,1,1,1,1,0,0,0,0,0,1,1,1,0,0,0,0,1,1,1,0,0,0,0,1,1,1,1,0,0,0,0,0,1,1,1,1,1,1,1,1,1,1,1,1,1,1,1,1,1,0,0,0,0,0,0,1,1,1,1},
{1,1,1,0,0,0,0,0,0,0,0,0,0,1,1,1,1,1,0,0,0,0,1,1,1,0,0,0,1,1,1,0,0,0,1,1,1,1,0,0,0,0,1,1,1,1,1,1,0,0,0,0,0,0,0,0,0,0,1,1,1,1,1,1,1,0,0,0,0,0,1,1},
{1,1,1,1,1,1,1,1,0,0,0,0,0,0,0,1,1,1,1,0,0,0,1,1,1,0,0,0,1,1,1,0,0,1,1,1,0,0,0,0,1,1,1,1,0,0,0,0,0,0,0,0,0,0,0,0,0,0,0,0,0,0,1,1,1,1,1,0,0,0,0,0},
{1,1,1,1,1,1,1,1,1,1,1,0,0,0,0,0,1,1,1,0,0,0,1,1,1,0,0,0,1,1,0,0,0,1,1,0,0,0,1,1,1,0,0,0,0,1,1,1,1,1,1,1,1,1,1,1,1,1,1,1,0,0,0,0,0,1,1,1,1,0,0,0},
{1,1,1,1,1,1,1,1,1,1,1,1,1,0,0,0,0,1,1,1,0,0,0,1,1,0,0,1,1,1,0,0,1,1,0,0,0,1,1,0,0,0,1,1,1,1,1,0,0,0,0,0,0,0,0,0,0,1,1,1,1,1,1,0,0,0,0,1,1,1,1,0},
{0,0,0,0,0,0,0,0,0,1,1,1,1,1,0,0,0,0,1,1,0,0,0,1,1,0,0,1,1,0,0,1,1,0,0,0,1,1,0,0,1,1,1,1,0,0,0,0,1,1,1,1,1,1,1,1,0,0,0,0,0,1,1,1,1,0,0,0,0,1,1,1},
{0,0,0,0,0,0,0,0,0,0,0,1,1,1,1,1,0,0,1,1,1,0,0,1,1,0,0,1,1,0,0,1,1,0,0,1,1,0,0,1,1,0,0,0,1,1,1,1,1,1,0,0,0,1,1,1,1,1,1,1,0,0,0,0,1,1,1,0,0,0,1,1},
{1,1,1,1,1,1,1,1,0,0,0,0,0,1,1,1,1,0,0,1,1,0,0,1,1,0,0,1,1,0,1,1,0,0,1,1,0,1,1,1,0,0,1,1,1,0,0,0,0,0,0,1,0,0,0,0,0,0,0,1,1,1,0,0,0,1,1,1,0,0,0,1},
{1,1,1,1,1,1,1,1,1,1,1,0,0,0,0,1,1,1,0,0,1,1,0,1,1,0,0,1,0,0,1,0,0,1,1,0,1,1,0,0,1,1,0,0,0,1,1,1,1,1,1,1,1,1,1,1,1,1,0,0,0,1,1,1,0,0,0,1,1,0,0,0},
{1,1,0,0,0,0,0,0,1,1,1,1,1,1,0,0,1,1,0,0,1,1,0,0,1,0,0,1,0,1,1,0,1,1,0,1,1,0,0,1,0,0,1,1,1,0,0,0,0,1,1,1,1,0,0,0,0,1,1,1,0,0,0,1,1,0,0,0,1,1,0,0},
{0,0,0,0,0,0,0,0,0,0,0,0,1,1,1,0,0,1,1,0,0,1,0,0,1,0,1,1,0,1,0,0,1,0,1,1,0,1,1,0,1,1,0,0,0,1,1,1,0,0,0,0,0,1,1,1,1,0,0,1,1,1,0,0,1,1,0,0,1,1,1,0},
{0,0,1,1,1,1,1,1,1,1,1,0,0,0,1,1,0,0,1,1,0,1,0,0,1,0,1,0,0,1,0,1,0,0,1,0,1,1,0,1,1,0,1,1,0,0,0,1,1,1,1,1,1,1,0,0,0,1,1,0,0,1,1,0,0,1,1,0,0,1,1,1},
{1,1,1,1,1,1,1,1,1,1,1,1,1,1,0,0,1,0,0,1,0,1,0,0,1,0,1,0,1,0,0,1,0,1,0,1,1,0,1,0,0,1,0,0,1,1,0,0,0,0,0,0,0,0,1,1,1,0,1,1,0,0,1,0,0,1,1,0,0,1,1,1},
{1,1,0,0,0,0,0,0,0,0,0,0,0,1,1,0,0,1,0,1,0,1,0,1,0,0,1,0,1,0,1,0,1,0,0,1,0,1,0,1,1,0,1,1,0,1,1,1,0,0,0,0,0,1,1,0,1,1,0,1,1,0,1,1,0,0,1,1,0,0,1,1},
{0,0,0,0,1,1,1,1,1,1,1,1,1,0,0,1,0,1,0,1,0,1,0,1,0,1,0,1,0,1,1,0,1,0,1,0,1,0,1,0,0,1,0,1,1,0,0,1,1,1,0,1,1,1,0,1,0,1,1,0,1,0,1,1,0,0,1,1,0,0,1,1},
{0,0,1,1,1,1,0,0,0,0,0,0,0,0,1,0,1,0,0,1,0,1,1,0,1,1,0,1,0,1,0,1,0,1,0,1,0,1,0,1,1,0,1,0,1,1,0,0,1,1,1,1,1,1,0,0,1,0,1,0,1,0,1,1,0,1,1,0,0,1,1,1},
{0,1,1,1,0,0,0,1,1,1,1,1,1,1,1,1,0,1,1,0,1,0,1,0,1,0,1,0,1,0,1,0,1,0,1,0,1,0,1,0,0,1,0,1,0,1,1,0,1,1,1,1,1,1,1,1,1,0,0,1,0,0,1,0,0,1,1,0,0,1,1,1},
{1,1,1,0,0,1,1,1,0,0,1,1,1,1,1,1,1,1,1,0,1,0,1,0,0,1,0,1,0,1,0,1,0,1,0,1,0,1,0,1,1,0,1,0,1,0,1,1,0,1,1,0,0,0,1,0,0,0,1,0,1,1,0,0,1,1,0,0,1,1,1,0},
{1,1,0,0,1,1,0,0,1,1,0,0,1,0,1,1,1,0,1,1,1,0,0,1,0,1,1,0,1,0,1,0,1,0,1,0,1,1,0,1,0,1,0,1,0,1,0,1,0,0,1,0,1,1,1,0,0,1,1,0,0,0,1,1,1,0,0,1,1,1,0,0},
{1,0,0,1,1,1,0,1,1,0,0,1,0,1,0,0,0,0,0,0,0,0,0,1,1,0,1,1,0,1,0,1,0,1,1,0,1,0,1,0,1,0,1,0,1,0,1,0,1,0,1,0,1,1,1,1,1,0,1,1,1,1,0,0,0,1,1,1,1,0,0,0},
{1,0,0,1,1,0,0,1,1,0,1,0,0,1,1,0,1,0,1,0,0,0,0,0,1,1,0,1,1,0,1,0,1,1,0,1,0,1,0,1,0,1,0,1,0,1,0,1,0,1,0,1,0,1,1,0,1,0,1,1,1,1,1,1,1,1,1,0,0,0,0,1},
{0,0,0,1,1,0,0,1,0,0,1,0,0,1,0,1,0,1,0,0,0,0,0,0,0,1,1,0,1,1,0,1,0,0,1,0,1,0,1,0,1,0,1,0,0,1,0,1,0,1,0,1,0,1,0,1,0,1,0,0,0,0,0,0,0,0,0,0,0,1,1,1},
{0,0,0,1,1,0,0,1,1,0,1,1,0,1,0,0,1,0,0,0,1,1,1,0,0,0,1,1,0,0,1,0,1,1,0,1,0,1,0,1,1,0,1,0,1,0,1,0,1,1,0,1,0,1,0,1,1,0,1,1,1,1,1,1,1,1,1,1,1,1,1,0},
{1,0,0,1,1,0,0,1,1,0,0,1,0,0,1,1,0,0,1,1,1,1,1,1,1,0,0,0,1,1,0,1,1,0,1,0,1,1,0,1,0,1,0,1,1,0,1,0,1,0,0,1,0,1,1,0,1,1,0,0,0,1,1,1,1,1,1,1,0,0,0,0},
{1,0,0,1,1,1,0,0,1,1,0,0,1,1,0,0,1,1,1,0,0,0,0,0,1,1,1,0,0,1,1,0,0,1,0,1,1,0,1,0,0,1,0,1,0,0,1,0,1,0,0,1,0,0,1,0,0,1,1,1,0,0,0,0,0,0,0,0,0,0,0,1},
{1,1,0,0,1,1,0,0,0,1,1,0,0,1,1,1,0,0,0,0,1,1,1,0,0,0,0,1,1,0,0,1,1,0,1,1,0,1,1,0,1,0,0,1,0,1,1,0,1,1,0,1,1,0,1,1,0,0,0,1,1,1,1,1,1,1,1,1,1,1,1,1},
{1,1,0,0,0,1,1,0,0,0,1,1,1,0,0,1,1,1,1,1,1,1,1,1,1,1,1,0,0,1,1,0,0,1,1,0,1,1,0,1,1,0,1,1,0,1,1,0,1,1,0,1,1,0,0,1,1,1,0,0,0,0,1,1,1,1,1,1,1,1,1,1},
{1,1,1,0,0,0,1,1,1,0,0,0,1,1,1,0,0,0,0,0,0,0,0,0,0,0,1,1,1,0,0,0,1,1,0,1,1,0,0,1,0,0,1,0,0,1,1,0,1,1,0,0,1,1,0,0,1,1,1,1,0,0,0,0,0,0,0,0,0,0,0,0},
{0,1,1,1,0,0,0,1,1,1,1,0,0,0,1,1,1,1,1,1,1,1,1,1,1,1,1,0,0,0,1,1,0,0,1,1,0,0,1,1,0,1,1,0,0,1,1,0,1,1,0,0,1,1,1,0,0,0,1,1,1,1,1,0,0,0,0,0,0,0,0,0},
{0,0,1,1,1,1,0,0,0,1,1,1,1,0,0,0,0,0,0,0,0,0,0,0,0,0,0,1,1,1,0,0,0,1,1,0,0,1,1,0,0,1,1,0,0,1,1,0,0,1,1,0,0,1,1,1,0,0,0,0,1,1,1,1,1,1,1,1,1,1,1,1},
{0,0,0,0,1,1,1,1,0,0,0,0,1,1,1,1,1,1,1,1,1,1,1,1,1,1,1,1,0,0,0,1,1,1,0,0,1,1,0,0,1,1,0,0,1,1,1,0,0,1,1,0,0,0,1,1,1,0,0,0,0,0,1,1,1,1,1,1,1,1,1,1},
{1,1,0,0,0,0,1,1,1,1,0,0,0,0,0,0,1,1,1,1,1,1,1,1,0,0,0,0,0,1,1,1,0,0,0,1,1,0,0,0,1,1,0,0,1,1,0,0,0,1,1,1,0,0,0,1,1,1,0,0,0,0,0,0,0,1,1,1,1,1,1,1},
{1,1,1,0,0,0,0,0,1,1,1,1,1,1,0,0,0,0,0,0,0,0,0,0,0,1,1,1,1,1,0,0,0,1,1,1,0,0,0,1,1,0,0,0,1,1,0,0,0,1,1,1,0,0,0,1,1,1,1,1,0,0,0,0,0,0,0,0,0,0,0,0},
{0,1,1,1,1,0,0,0,0,0,0,1,1,1,1,1,1,1,1,1,1,1,1,1,1,1,1,0,0,0,0,0,1,1,1,0,0,0,1,1,1,0,0,0,1,1,0,0,0,1,1,1,1,0,0,0,1,1,1,1,1,1,0,0,0,0,0,0,0,0,0,0},
{0,0,0,1,1,1,1,1,0,0,0,0,0,0,0,0,0,1,1,1,1,1,0,0,0,0,0,0,0,1,1,1,1,1,0,0,0,1,1,1,0,0,0,1,1,1,0,0,0,1,1,1,1,0,0,0,0,0,1,1,1,1,1,1,1,0,0,0,0,0,0,0},
{1,0,0,0,0,1,1,1,1,1,1,1,0,0,0,0,0,0,0,0,0,0,0,0,0,0,1,1,1,1,1,1,0,0,0,0,1,1,1,0,0,0,0,1,1,1,0,0,0,0,1,1,1,1,0,0,0,0,0,1,1,1,1,1,1,1,1,1,1,1,1,1},
{1,1,1,0,0,0,0,0,1,1,1,1,1,1,1,1,1,1,1,1,1,1,1,1,1,1,1,1,1,0,0,0,0,0,1,1,1,1,0,0,0,0,1,1,1,1,0,0,0,0,1,1,1,1,0,0,0,0,0,0,1,1,1,1,1,1,1,1,1,1,1,1},
{0,1,1,1,1,0,0,0,0,0,0,0,0,1,1,1,1,1,1,1,1,1,1,1,1,0,0,0,0,0,0,0,1,1,1,1,1,0,0,0,0,1,1,1,1,0,0,0,0,0,1,1,1,1,1,0,0,0,0,0,0,0,1,1,1,1,1,1,1,1,1,1
}
},
{{
0,0,0,0,0,0,0,0,0,0,1,1,1,1,1,1,1,0,0,0,0,0,1,1,1,1,1,0,0,0,0,1,1,1,1,0,0,0,0,0,1,1,1,1,1,1,1,0,0,0,0,0,0,0,0,0,0,0,0,1,1,1,1,1,1,1,1,0,0,0,0,1},
{0,0,0,0,0,0,0,0,0,0,0,0,1,1,1,1,1,1,0,0,0,0,1,1,1,1,0,0,0,0,1,1,1,1,0,0,0,0,1,1,1,1,1,0,0,0,0,0,0,0,0,0,0,0,0,0,0,0,0,0,0,0,0,0,1,1,1,1,1,0,0,0},
{0,0,0,0,0,0,0,0,0,0,0,0,0,1,1,1,1,1,0,0,0,0,1,1,1,1,0,0,0,1,1,1,1,0,0,0,1,1,1,1,0,0,0,0,0,0,1,1,1,1,1,1,1,1,1,1,1,1,1,1,0,0,0,0,0,0,0,1,1,1,1,0},
{1,1,1,1,1,1,1,0,0,0,0,0,0,0,1,1,1,1,1,0,0,0,0,1,1,1,0,0,0,1,1,1,0,0,0,1,1,1,1,0,0,0,0,1,1,1,1,1,1,1,1,0,0,0,0,1,1,1,1,1,1,1,1,1,0,0,0,0,0,1,1,1},
{1,1,1,1,1,1,1,1,1,1,0,0,0,0,0,0,1,1,1,0,0,0,0,1,1,1,0,0,1,1,1,0,0,0,1,1,1,0,0,0,1,1,1,1,1,0,0,0,0,0,0,0,0,0,0,0,0,0,0,0,0,1,1,1,1,1,1,0,0,0,0,1},
{1,1,1,1,1,1,1,1,1,1,1,1,0,0,0,0,1,1,1,1,0,0,0,1,1,1,0,0,1,1,1,0,0,1,1,1,0,0,0,1,1,1,0,0,0,0,0,1,1,1,1,1,1,1,1,1,1,1,1,0,0,0,0,0,1,1,1,1,1,0,0,0},
{0,0,0,0,0,0,0,1,1,1,1,1,1,1,0,0,0,1,1,1,0,0,0,1,1,1,0,0,1,1,0,0,1,1,1,0,0,1,1,1,0,0,0,1,1,1,1,1,1,0,0,0,0,0,0,0,1,1,1,1,1,1,0,0,0,0,1,1,1,1,0,0},
{0,0,0,0,0,0,0,0,0,0,1,1,1,1,1,0,0,0,1,1,1,0,0,1,1,0,0,0,1,1,0,0,1,1,0,0,1,1,0,0,0,1,1,1,0,0,0,0,0,0,0,1,1,0,0,0,0,0,0,0,1,1,1,1,1,0,0,0,1,1,1,1},
{0,0,0,0,0,0,0,0,0,0,0,0,1,1,1,1,0,0,0,1,1,0,0,1,1,0,0,1,1,0,0,1,1,0,0,1,1,0,0,1,1,1,0,0,0,1,1,1,1,1,1,1,1,1,1,1,1,1,1,0,0,0,0,1,1,1,0,0,0,0,1,1},
{1,1,1,1,1,1,1,1,1,0,0,0,0,0,1,1,1,0,0,0,1,1,0,0,1,0,0,1,1,0,0,1,0,0,1,1,0,0,1,1,0,0,1,1,1,0,0,0,0,0,0,0,0,0,0,0,0,0,1,1,1,1,0,0,0,1,1,1,0,0,0,1},
{1,1,1,1,1,1,1,1,1,1,1,1,0,0,0,0,1,1,0,0,1,1,0,0,1,0,0,1,1,0,1,1,0,1,1,0,0,1,0,0,1,1,1,0,0,1,1,1,1,1,1,1,1,1,1,1,1,0,0,0,1,1,1,0,0,0,1,1,1,0,0,0},
{0,0,0,0,0,0,0,0,0,0,1,1,1,1,0,0,0,1,1,0,0,1,0,0,1,0,0,1,0,0,1,0,0,1,0,0,1,0,0,1,1,0,0,1,1,0,0,0,0,0,0,0,0,0,0,0,1,1,1,1,0,0,1,1,1,0,0,1,1,1,0,0},
{0,0,0,0,0,0,0,0,0,0,0,0,0,1,1,1,0,0,1,0,0,1,0,0,1,0,0,1,0,1,1,0,1,0,0,1,0,0,1,0,0,1,1,0,0,1,1,1,1,0,0,0,1,1,1,1,0,0,0,1,1,0,0,1,1,1,0,0,1,1,1,0},
{0,1,1,1,1,1,1,1,1,1,1,1,0,0,0,1,1,0,1,1,0,1,1,0,1,0,1,1,0,1,0,1,1,0,1,0,0,1,0,1,1,0,0,1,1,0,0,0,1,1,1,1,1,0,0,0,1,1,0,0,1,1,0,0,1,1,0,0,0,1,1,0},
{1,1,1,1,0,0,0,0,0,0,0,1,1,1,0,0,1,1,0,1,0,1,1,0,1,0,1,0,1,1,0,1,0,1,0,0,1,0,1,1,0,1,1,0,1,1,1,0,0,0,0,0,0,0,1,1,0,0,1,1,0,1,1,0,0,1,1,0,0,1,1,0},
{1,0,0,0,0,0,0,0,0,0,0,0,0,0,1,1,0,1,0,1,0,1,0,0,1,0,1,0,1,0,1,0,1,1,0,1,0,1,0,0,1,0,1,1,0,0,1,1,1,0,0,0,1,1,1,0,1,1,0,1,0,0,1,0,0,1,1,0,0,1,1,1},
{0,0,0,1,1,1,1,1,1,1,1,1,1,1,0,1,0,1,0,1,0,1,0,1,0,1,0,1,1,0,1,0,1,0,1,0,1,0,1,1,0,1,0,0,1,0,0,1,1,1,1,1,1,1,0,1,0,1,0,1,1,0,1,1,0,1,1,0,0,1,1,1},
{0,1,1,1,1,0,0,0,0,0,0,0,0,0,1,0,1,0,0,1,0,1,0,1,0,1,0,1,0,1,0,1,0,1,0,1,0,1,0,0,1,0,1,0,0,1,0,0,1,1,1,1,1,0,1,0,1,0,1,1,1,0,1,0,0,1,1,0,0,1,1,0},
{1,1,1,0,0,0,1,1,1,1,0,0,0,1,1,0,0,0,0,0,1,0,1,0,1,0,1,0,1,0,1,0,1,0,1,0,1,0,0,1,0,1,0,1,0,0,1,0,0,1,1,1,1,1,1,1,1,1,0,1,0,1,1,0,1,1,0,0,0,1,1,0},
{1,1,0,0,0,1,1,0,0,0,1,1,1,0,0,1,1,0,1,0,1,0,1,1,0,1,0,1,0,1,0,1,0,1,1,0,1,0,1,0,1,0,1,0,1,0,0,1,0,1,1,0,0,0,1,0,1,0,1,0,1,1,0,1,1,1,0,0,1,1,0,0},
{1,0,0,0,1,1,0,0,1,1,0,0,1,0,1,1,1,0,1,1,1,0,0,1,0,0,1,0,1,0,1,1,0,1,0,1,0,1,0,1,0,1,0,1,0,1,0,1,1,0,1,0,1,0,1,0,0,0,0,0,0,1,1,1,0,0,0,1,1,0,0,0},
{1,0,0,1,1,0,0,1,1,0,1,1,0,1,1,0,1,1,0,0,0,0,0,1,1,0,0,1,0,1,0,1,1,0,1,0,1,0,1,0,1,0,1,0,1,0,1,0,1,0,1,0,1,1,1,1,1,0,0,0,0,0,0,0,0,1,1,1,0,0,0,1},
{0,0,0,1,1,0,0,1,0,0,1,0,1,0,1,0,1,1,1,0,0,0,0,0,1,1,0,0,1,0,1,1,0,1,0,1,0,1,0,1,0,1,0,1,0,1,0,0,1,0,1,1,0,1,1,0,1,0,1,1,1,1,1,1,1,1,0,0,0,0,1,1},
{0,0,1,1,0,0,1,1,0,0,1,0,1,1,0,1,0,1,0,0,0,1,0,0,0,1,1,0,0,1,0,1,1,0,1,0,1,0,1,0,1,1,0,1,0,1,0,1,0,1,0,1,0,1,0,1,0,1,1,0,0,0,0,0,0,0,0,0,1,1,1,1},
{0,0,1,1,1,0,1,1,0,0,1,0,0,1,0,1,1,0,0,1,1,1,1,1,0,0,0,1,0,0,1,0,0,1,0,1,0,1,1,0,1,0,1,0,1,0,1,1,0,1,0,1,0,1,0,1,1,0,0,1,1,1,1,1,1,1,1,1,1,1,0,0},
{0,0,0,1,1,0,0,1,1,0,1,1,0,0,1,0,0,1,1,1,1,1,1,1,1,1,0,0,1,1,0,1,1,0,1,0,0,1,0,1,0,1,1,0,1,0,1,0,1,1,0,1,0,1,1,0,1,1,1,0,0,0,0,0,1,0,0,0,0,0,0,0},
{0,0,0,1,1,0,0,1,1,0,0,1,1,0,0,1,1,1,0,0,0,0,0,0,0,1,1,1,0,0,1,0,0,1,0,0,1,0,1,1,0,1,0,1,1,0,1,0,1,1,0,1,0,0,1,1,0,0,1,1,1,0,0,0,0,0,0,0,0,0,1,1},
{1,0,0,1,1,1,0,0,1,1,0,0,0,1,1,0,0,0,1,1,1,1,1,1,0,0,0,1,1,1,0,1,1,0,0,1,0,0,1,0,1,1,0,1,0,0,1,0,1,1,0,1,1,0,0,1,1,0,0,0,1,1,1,1,1,1,1,1,1,1,1,1},
{1,1,0,0,1,1,1,0,0,1,1,1,0,0,0,1,1,1,1,1,0,0,0,1,1,1,1,0,0,0,1,1,0,1,1,0,0,1,0,0,1,0,0,1,0,1,1,0,1,1,0,0,1,1,0,0,1,1,0,0,0,0,0,0,1,1,1,1,1,1,0,0},
{1,1,1,0,0,1,1,1,0,0,0,1,1,1,0,0,0,0,0,0,1,1,0,0,0,0,0,1,1,1,0,0,1,1,0,0,1,0,0,1,1,0,1,1,0,1,1,0,0,1,0,0,1,1,0,0,0,1,1,1,1,0,0,0,0,0,0,0,0,0,0,0},
{0,1,1,1,0,0,0,1,1,1,0,0,0,1,1,1,1,1,1,1,1,1,1,1,1,1,1,0,0,0,1,1,1,0,0,1,0,0,1,1,0,0,1,0,0,1,1,0,0,1,1,0,0,1,1,0,0,0,0,1,1,1,1,1,0,0,0,0,0,0,0,0},
{0,0,1,1,1,0,0,0,1,1,1,1,0,0,0,0,0,0,1,1,1,1,1,0,0,0,0,0,1,1,1,0,0,1,1,0,0,1,1,0,0,1,1,0,0,1,1,0,0,1,1,0,0,0,1,1,1,0,0,0,1,1,1,1,1,1,1,1,1,1,1,1},
{0,0,0,1,1,1,1,0,0,0,0,1,1,1,1,1,1,0,0,0,0,0,0,1,1,1,1,1,1,0,0,0,1,1,0,0,1,1,1,0,0,1,1,0,0,1,1,0,0,1,1,1,0,0,1,1,1,1,0,0,0,0,0,1,1,1,1,1,1,1,1,1},
{1,0,0,0,0,1,1,1,1,0,0,0,0,0,1,1,1,1,1,1,1,1,1,1,1,0,0,0,0,1,1,1,1,0,0,1,1,1,0,0,1,1,0,0,0,1,1,0,0,1,1,1,0,0,0,1,1,1,1,0,0,0,0,0,0,0,0,0,0,0,0,0},
{1,1,1,0,0,0,0,1,1,1,1,1,0,0,0,0,0,0,0,0,0,0,0,0,0,0,1,1,1,1,1,0,0,0,1,1,1,0,0,1,1,1,0,0,1,1,1,0,0,0,1,1,1,0,0,0,1,1,1,1,1,0,0,0,0,0,0,0,0,0,0,0},
{1,1,1,1,1,0,0,0,0,0,1,1,1,1,1,1,1,1,1,1,1,1,1,1,1,1,1,1,0,0,0,0,1,1,1,1,0,0,0,1,1,0,0,0,1,1,1,0,0,0,1,1,1,0,0,0,0,1,1,1,1,1,1,1,0,0,0,0,0,0,0,0},
{0,0,1,1,1,1,1,0,0,0,0,0,0,0,1,1,1,1,1,1,1,1,1,1,0,0,0,0,0,0,1,1,1,1,0,0,0,0,1,1,1,0,0,0,1,1,1,0,0,0,1,1,1,1,0,0,0,0,0,1,1,1,1,1,1,1,1,1,1,1,0,0},
{0,0,0,0,1,1,1,1,1,1,0,0,0,0,0,0,0,0,0,0,0,0,0,0,0,0,0,1,1,1,1,1,1,0,0,0,1,1,1,1,0,0,0,1,1,1,1,0,0,0,1,1,1,1,1,0,0,0,0,0,1,1,1,1,1,1,1,1,1,1,1,1},
{1,1,0,0,0,0,0,1,1,1,1,1,1,1,1,1,1,0,0,0,0,1,1,1,1,1,1,1,1,1,0,0,0,0,0,1,1,1,1,0,0,0,0,1,1,1,1,0,0,0,0,1,1,1,1,0,0,0,0,0,0,0,1,1,1,1,1,1,1,1,1,1},
{1,1,1,1,0,0,0,0,0,0,0,1,1,1,1,1,1,1,1,1,1,1,1,1,1,1,1,0,0,0,0,0,0,1,1,1,1,1,0,0,0,0,1,1,1,1,0,0,0,0,0,1,1,1,1,1,0,0,0,0,0,0,0,0,1,1,1,1,1,1,1,1
}
},
{{
0,0,0,0,0,0,0,0,0,0,0,0,1,1,1,1,1,1,0,0,0,0,0,1,1,1,1,0,0,0,0,1,1,1,1,1,0,0,0,0,0,1,1,1,1,1,1,1,1,1,0,0,0,0,0,0,1,1,1,1,1,1,1,1,1,1,0,0,0,0,1,1},
{0,0,0,0,0,0,0,0,0,0,0,0,0,1,1,1,1,1,1,0,0,0,0,1,1,1,1,0,0,0,0,1,1,1,1,0,0,0,0,1,1,1,1,1,0,0,0,0,0,0,0,0,0,0,0,0,0,0,0,0,0,0,1,1,1,1,1,1,0,0,0,0},
{1,1,1,1,1,1,0,0,0,0,0,0,0,0,1,1,1,1,1,0,0,0,0,1,1,1,1,0,0,0,1,1,1,0,0,0,0,1,1,1,1,0,0,0,0,0,0,0,1,1,1,1,1,1,1,1,1,1,0,0,0,0,0,0,0,0,1,1,1,1,1,0},
{1,1,1,1,1,1,1,1,1,0,0,0,0,0,0,1,1,1,1,1,0,0,0,1,1,1,0,0,0,1,1,1,1,0,0,0,1,1,1,0,0,0,0,0,1,1,1,1,1,1,1,1,1,1,1,1,1,1,1,1,1,1,1,0,0,0,0,0,1,1,1,1},
{1,1,1,1,1,1,1,1,1,1,1,0,0,0,0,0,1,1,1,1,0,0,0,1,1,1,0,0,0,1,1,1,0,0,0,1,1,1,0,0,0,1,1,1,1,1,0,0,0,0,0,0,0,0,0,0,0,0,0,0,1,1,1,1,1,1,0,0,0,0,1,1},
{0,0,0,0,1,1,1,1,1,1,1,1,1,0,0,0,0,1,1,1,1,0,0,1,1,1,0,0,0,1,1,0,0,0,1,1,0,0,0,1,1,1,1,0,0,0,0,0,1,1,1,1,1,1,1,1,1,0,0,0,0,0,0,1,1,1,1,1,0,0,0,0},
{0,0,0,0,0,0,0,0,0,1,1,1,1,1,0,0,0,0,1,1,1,0,0,0,1,1,0,0,1,1,1,0,0,1,1,0,0,0,1,1,1,0,0,0,1,1,1,1,1,1,1,1,1,1,1,1,1,1,1,1,1,0,0,0,0,0,1,1,1,1,0,0},
{0,0,0,0,0,0,0,0,0,0,0,1,1,1,1,1,0,0,0,1,1,0,0,0,1,1,0,0,1,1,0,0,1,1,0,0,1,1,1,0,0,0,1,1,1,0,0,0,0,0,0,0,0,0,0,0,0,0,0,1,1,1,1,1,0,0,0,1,1,1,1,0},
{1,1,1,1,1,1,1,0,0,0,0,0,0,1,1,1,1,0,0,1,1,1,0,0,1,1,0,0,1,1,0,0,1,0,0,1,1,0,0,0,1,1,0,0,0,0,1,1,1,1,1,1,1,1,1,1,1,1,0,0,0,0,1,1,1,1,0,0,0,1,1,1},
{1,1,1,1,1,1,1,1,1,1,1,0,0,0,0,1,1,1,0,0,1,1,0,0,1,1,0,0,1,0,0,1,1,0,1,1,0,0,1,1,0,0,0,1,1,1,0,0,0,0,0,0,0,0,0,0,0,1,1,1,1,0,0,0,1,1,1,0,0,0,1,1},
{1,1,1,0,0,0,1,1,1,1,1,1,1,0,0,0,1,1,0,0,0,1,0,0,1,1,0,1,1,0,1,1,0,0,1,0,0,1,1,0,0,1,1,0,0,0,1,1,1,1,1,1,1,1,1,1,0,0,0,0,1,1,1,0,0,1,1,1,0,0,0,1},
{0,0,0,0,0,0,0,0,0,0,0,1,1,1,1,0,0,1,1,0,0,1,1,0,1,1,0,1,1,0,1,1,0,1,0,0,1,1,0,1,1,0,0,1,1,1,0,0,0,0,0,0,0,0,0,0,1,1,1,0,0,0,1,1,0,0,0,1,1,0,0,0},
{0,0,0,1,1,1,1,1,1,0,0,0,0,0,1,1,0,0,1,1,0,1,1,0,1,1,0,1,0,0,1,0,1,1,0,1,0,0,1,1,0,1,1,0,0,0,1,1,1,1,1,1,1,1,1,1,0,0,1,1,1,0,0,1,1,0,0,1,1,1,0,0},
{1,1,1,1,1,1,1,1,1,1,1,1,0,0,0,1,1,0,0,1,0,0,1,0,1,0,0,1,0,1,0,0,1,0,1,1,0,1,0,0,1,0,0,1,1,0,0,0,0,1,1,1,0,0,0,0,1,1,0,0,1,1,0,0,1,1,0,0,1,1,1,0},
{1,1,1,0,0,0,0,0,0,0,0,0,1,1,0,0,1,1,0,1,0,0,1,0,1,0,1,1,0,1,0,1,0,1,1,0,1,0,1,1,0,1,1,0,0,1,1,0,0,0,0,0,0,1,1,1,0,0,1,0,0,1,1,0,1,1,0,0,0,1,1,0},
{0,0,0,0,0,0,1,1,1,1,1,0,0,0,1,1,0,1,0,1,1,0,1,0,1,0,1,0,1,0,1,1,0,1,0,1,0,1,1,0,1,0,0,1,0,0,1,1,1,1,1,1,1,1,0,0,1,0,0,1,0,1,1,0,0,1,1,0,0,1,1,0},
{0,0,1,1,1,1,1,1,1,0,0,1,1,1,0,1,1,0,1,1,0,1,0,1,1,0,1,0,1,0,1,0,1,0,1,0,1,0,0,1,0,1,0,0,1,1,0,0,1,1,1,1,1,0,0,1,0,1,0,1,0,0,1,0,0,1,1,0,0,1,1,0},
{0,1,1,1,0,0,0,0,0,1,1,1,0,0,1,1,1,0,1,1,0,1,0,1,0,1,0,1,0,1,0,1,0,1,0,1,1,0,1,0,1,0,1,1,0,1,1,0,0,1,1,1,1,0,1,0,1,1,0,1,0,0,1,0,0,1,1,0,0,1,1,0},
{1,1,1,0,0,0,1,1,1,0,0,0,0,0,1,0,0,0,0,0,1,0,1,0,1,0,1,0,1,0,1,0,1,1,0,1,0,1,0,1,0,1,0,1,1,0,1,0,0,1,1,1,1,0,1,1,1,1,0,1,0,1,0,0,1,1,0,0,1,1,1,0},
{1,0,0,0,1,1,1,0,0,1,1,1,0,0,0,1,1,0,0,0,1,1,0,1,0,1,0,1,0,1,1,0,1,0,1,0,1,0,1,0,1,0,1,0,1,1,0,1,0,0,1,1,0,0,1,1,1,1,1,0,1,0,0,1,1,0,0,1,1,1,0,0},
{1,0,0,1,1,1,0,0,1,1,0,1,1,0,1,1,1,0,1,1,1,1,0,1,1,0,1,0,1,1,0,1,0,1,0,1,0,1,0,1,0,1,0,1,0,1,1,0,1,0,1,0,1,0,0,0,1,0,0,0,0,1,1,1,0,0,1,1,1,0,0,0},
{0,0,1,1,1,0,0,1,1,0,1,1,0,1,1,1,1,1,0,1,1,1,0,0,1,1,0,1,0,1,1,0,1,0,1,0,1,0,1,0,1,0,1,0,1,0,1,1,0,1,0,1,1,0,0,1,0,1,0,0,0,0,0,0,1,1,1,1,0,0,0,1},
{0,0,1,1,0,0,1,1,0,0,1,0,1,0,1,0,0,1,0,0,1,1,0,0,0,1,1,0,1,0,1,1,0,1,0,1,0,1,0,1,0,1,0,0,1,0,1,0,1,0,1,0,0,1,0,0,1,0,0,1,1,1,1,1,1,0,0,0,0,1,1,1},
{0,0,1,1,0,0,1,1,0,1,1,0,1,0,1,0,1,1,0,0,1,1,1,0,0,0,1,1,0,1,0,0,1,0,1,0,1,0,1,1,0,1,0,1,0,1,0,1,0,1,0,1,0,1,0,1,0,1,1,0,0,0,0,0,0,0,1,1,1,1,1,0},
{0,0,1,1,0,0,1,1,0,0,1,0,0,1,0,1,1,0,0,1,1,1,1,1,1,0,0,1,1,0,1,1,0,1,0,1,1,0,1,0,1,0,1,0,1,1,0,1,0,1,0,1,0,1,0,0,1,0,0,1,1,1,1,1,1,1,1,1,1,0,0,0},
{0,0,1,1,0,0,1,1,0,0,1,1,0,1,1,0,0,1,1,1,0,0,0,1,1,1,1,0,1,1,0,0,1,0,1,1,0,1,0,1,0,0,1,0,1,0,1,1,0,1,0,1,0,0,1,0,0,1,1,0,0,0,0,0,0,0,0,0,0,0,0,0},
{0,0,1,1,1,0,0,1,1,0,0,1,1,0,0,1,1,0,0,0,0,0,0,0,0,0,1,1,0,0,1,1,0,1,1,0,1,0,0,1,0,1,0,0,1,0,1,0,0,1,0,1,1,0,1,1,0,0,1,1,1,1,1,0,0,0,0,0,1,1,1,1},
{0,0,0,1,1,0,0,0,1,1,0,0,1,1,1,0,0,0,1,1,1,1,1,1,1,0,0,0,1,1,0,0,1,0,0,1,0,0,1,0,1,1,0,1,1,0,1,0,0,1,0,0,1,0,0,1,1,0,0,0,0,1,1,1,1,1,1,1,1,1,1,1},
{1,0,0,0,1,1,0,0,0,1,1,0,0,0,1,1,1,1,0,0,0,0,0,0,1,1,1,1,0,0,1,1,0,0,1,0,0,1,0,0,1,0,0,1,0,0,1,0,0,1,0,0,1,1,0,0,1,1,1,0,0,0,0,0,0,0,0,0,0,0,0,0},
{1,1,0,0,0,1,1,1,0,0,1,1,1,1,0,0,0,0,1,1,1,1,1,1,0,0,0,0,1,1,0,0,1,1,0,0,1,1,0,1,1,0,1,1,0,0,1,0,0,1,1,0,0,1,1,0,0,0,1,1,1,1,0,0,0,0,0,0,0,0,0,0},
{1,1,1,0,0,0,1,1,1,0,0,0,0,1,1,1,1,1,0,0,0,0,0,0,1,1,1,1,0,0,0,1,1,0,0,1,1,0,0,1,0,0,1,1,0,0,1,0,0,1,1,0,0,1,1,1,0,0,0,1,1,1,1,1,1,1,1,1,1,1,1,1},
{0,1,1,1,0,0,0,0,1,1,1,0,0,0,0,0,1,1,1,1,1,1,1,1,0,0,0,0,1,1,1,0,0,0,1,1,0,0,1,1,0,0,1,0,0,1,1,0,0,1,1,1,0,0,1,1,1,0,0,0,0,0,1,1,1,1,1,1,1,1,1,1},
{0,0,1,1,1,1,0,0,0,0,1,1,1,1,1,0,0,0,0,0,0,0,0,0,0,1,1,1,1,0,0,0,1,1,1,0,0,1,1,0,0,1,1,0,0,1,1,0,0,0,1,1,0,0,0,1,1,1,1,0,0,0,0,0,0,1,1,1,1,1,1,1},
{0,0,0,0,1,1,1,1,0,0,0,0,0,1,1,1,1,1,1,1,1,1,1,1,1,1,0,0,0,0,1,1,1,0,0,0,1,1,0,0,0,1,1,0,0,1,1,0,0,0,1,1,1,0,0,0,1,1,1,1,1,0,0,0,0,0,0,0,0,0,0,0},
{1,1,0,0,0,0,1,1,1,1,1,0,0,0,0,0,0,0,0,0,0,0,0,0,0,0,0,1,1,1,1,1,0,0,0,1,1,0,0,0,1,1,0,0,0,1,1,1,0,0,1,1,1,0,0,0,0,1,1,1,1,1,1,0,0,0,0,0,0,0,0,0},
{1,1,1,1,0,0,0,0,1,1,1,1,1,1,1,1,0,0,0,0,0,0,0,1,1,1,1,1,1,0,0,0,0,1,1,1,0,0,0,1,1,1,0,0,0,1,1,1,0,0,0,1,1,1,0,0,0,0,1,1,1,1,1,1,1,1,1,0,0,0,0,0},
{0,1,1,1,1,1,0,0,0,0,0,0,1,1,1,1,1,1,1,1,1,1,1,1,1,1,0,0,0,0,0,1,1,1,1,0,0,0,1,1,1,0,0,0,1,1,1,1,0,0,0,1,1,1,1,0,0,0,0,0,1,1,1,1,1,1,1,1,1,1,1,1},
{0,0,0,1,1,1,1,1,1,0,0,0,0,0,0,0,0,0,0,0,0,0,0,0,0,0,0,0,0,1,1,1,1,0,0,0,0,1,1,1,1,0,0,0,1,1,1,0,0,0,0,1,1,1,1,1,0,0,0,0,0,0,1,1,1,1,1,1,1,1,1,1},
{1,0,0,0,0,0,1,1,1,1,1,1,1,0,0,0,0,0,0,0,0,0,0,0,1,1,1,1,1,1,1,0,0,0,0,0,1,1,1,1,0,0,0,0,1,1,1,0,0,0,0,1,1,1,1,1,0,0,0,0,0,0,0,0,1,1,1,1,1,1,1,1},
{1,1,1,0,0,0,0,0,0,1,1,1,1,1,1,1,1,1,1,1,1,1,1,1,1,1,1,1,1,0,0,0,0,0,1,1,1,1,1,0,0,0,0,1,1,1,1,0,0,0,0,0,1,1,1,1,1,0,0,0,0,0,0,0,0,0,0,0,1,1,1,1
}
},
{{
0,0,0,0,0,0,0,0,0,0,0,0,0,1,1,1,1,1,1,0,0,0,0,0,1,1,1,1,0,0,0,0,1,1,1,1,1,0,0,0,0,0,1,1,1,1,1,1,1,1,1,1,1,1,1,1,1,1,1,1,1,1,1,1,0,0,0,0,0,0,1,1},
{1,1,1,1,1,0,0,0,0,0,0,0,0,0,1,1,1,1,1,1,0,0,0,0,1,1,1,1,0,0,0,1,1,1,1,0,0,0,0,0,1,1,1,1,1,1,0,0,0,0,0,0,0,0,0,0,0,0,0,0,1,1,1,1,1,1,1,0,0,0,0,0},
{1,1,1,1,1,1,1,1,1,0,0,0,0,0,0,1,1,1,1,1,0,0,0,0,1,1,1,0,0,0,0,1,1,1,0,0,0,0,1,1,1,1,0,0,0,0,0,0,0,0,0,1,1,1,1,0,0,0,0,0,0,0,0,0,1,1,1,1,1,1,0,0},
{1,1,1,1,1,1,1,1,1,1,1,0,0,0,0,0,1,1,1,1,0,0,0,0,1,1,1,0,0,0,1,1,1,0,0,0,1,1,1,1,0,0,0,0,0,1,1,1,1,1,1,1,1,1,1,1,1,1,1,1,1,0,0,0,0,0,0,1,1,1,1,1},
{1,1,1,1,1,1,1,1,1,1,1,1,1,0,0,0,0,1,1,1,1,0,0,0,1,1,1,0,0,0,1,1,0,0,0,1,1,1,0,0,0,0,1,1,1,1,1,0,0,0,0,0,0,0,0,0,0,0,1,1,1,1,1,1,1,0,0,0,0,1,1,1},
{0,0,0,0,0,0,0,1,1,1,1,1,1,1,0,0,0,0,1,1,1,0,0,0,1,1,1,0,0,1,1,1,0,0,1,1,1,0,0,0,1,1,1,1,0,0,0,0,0,0,0,1,1,1,0,0,0,0,0,0,0,0,1,1,1,1,1,0,0,0,0,1},
{0,0,0,0,0,0,0,0,0,0,1,1,1,1,1,0,0,0,0,1,1,1,0,0,1,1,0,0,0,1,1,0,0,1,1,1,0,0,1,1,1,0,0,0,0,1,1,1,1,1,1,1,1,1,1,1,1,1,1,1,0,0,0,0,0,1,1,1,1,0,0,0},
{0,0,0,0,0,0,0,0,0,0,0,0,1,1,1,1,0,0,0,1,1,1,0,0,1,1,0,0,1,1,0,0,0,1,1,0,0,1,1,0,0,0,1,1,1,1,0,0,0,0,0,0,0,0,0,0,0,0,1,1,1,1,1,0,0,0,0,1,1,1,0,0},
{1,1,1,1,1,1,1,1,1,0,0,0,0,0,1,1,1,0,0,0,1,1,0,0,1,1,0,0,1,1,0,0,1,1,0,0,1,1,0,0,1,1,1,0,0,0,0,1,1,1,1,1,1,1,1,1,1,0,0,0,0,1,1,1,1,0,0,0,1,1,1,1},
{1,1,1,1,1,1,1,1,1,1,1,1,0,0,0,1,1,1,0,0,1,1,0,0,1,1,0,0,1,1,0,1,1,0,0,1,1,0,0,1,1,0,0,1,1,1,1,0,0,0,0,0,0,0,0,0,1,1,1,1,0,0,0,1,1,1,1,0,0,0,1,1},
{0,0,0,0,0,0,0,0,0,1,1,1,1,1,0,0,0,1,1,0,0,1,1,0,1,1,0,0,1,0,0,1,0,0,1,1,0,1,1,0,0,1,1,1,0,0,0,1,1,1,1,1,1,1,1,0,0,0,0,1,1,1,0,0,0,1,1,1,0,0,0,1},
{0,0,0,0,0,0,0,0,0,0,0,0,1,1,1,0,0,0,1,1,0,1,1,0,1,1,0,1,1,0,1,1,0,1,1,0,1,1,0,0,1,1,0,0,1,1,1,0,0,0,0,0,0,0,0,1,1,1,0,0,0,1,1,1,0,0,1,1,1,0,0,1},
{0,1,1,1,1,1,1,1,1,1,0,0,0,0,1,1,0,0,1,1,0,0,1,0,1,1,0,1,1,0,1,0,0,1,0,1,1,0,1,1,0,0,1,1,0,0,1,1,1,1,1,1,1,1,1,0,0,0,1,1,0,0,1,1,1,0,0,1,1,1,0,0},
{1,1,1,1,1,1,1,1,1,1,1,1,1,0,0,0,1,0,0,1,0,0,1,0,1,1,0,1,0,1,1,0,1,0,1,1,0,1,1,0,1,1,0,1,1,1,0,0,0,0,0,0,0,0,0,1,1,1,0,1,1,1,0,1,1,1,0,0,1,1,0,0},
{1,0,0,0,0,0,0,0,0,0,0,0,1,1,1,0,0,1,0,1,1,0,1,0,1,0,0,1,0,1,0,1,1,0,1,0,1,0,0,1,0,0,1,0,0,1,1,1,0,0,0,0,0,1,1,0,0,1,1,0,0,1,0,0,1,1,0,0,1,1,0,0},
{0,0,0,0,1,1,1,1,1,1,1,1,0,0,1,1,0,1,1,0,1,0,1,0,1,0,1,0,1,1,0,1,0,1,0,1,0,0,1,0,1,0,0,1,1,0,0,1,1,1,1,1,1,1,0,0,1,0,1,1,0,1,1,0,1,1,0,0,1,1,1,0},
{0,0,1,1,1,1,1,0,0,0,0,0,1,1,0,0,1,0,1,0,1,0,1,0,1,0,1,0,1,0,1,0,1,0,1,0,0,1,0,1,0,1,1,0,1,1,0,0,1,1,1,1,1,0,1,1,0,1,0,1,0,1,1,0,0,1,0,0,1,1,1,0},
{1,1,1,1,0,0,0,0,1,1,1,1,1,0,0,1,1,0,1,1,0,1,0,1,0,1,0,1,0,1,0,1,1,0,1,0,1,0,1,0,1,0,1,1,0,1,1,0,0,1,1,1,0,0,1,0,1,1,0,1,0,1,1,0,1,1,0,0,1,1,0,0},
{1,1,0,0,0,1,1,1,1,0,0,0,0,0,1,0,0,0,0,1,1,0,1,0,1,0,1,0,1,1,0,1,0,1,0,1,0,1,0,1,0,1,0,0,1,0,1,1,0,0,1,1,1,0,1,1,1,1,0,1,0,1,0,0,1,1,0,0,1,1,0,0},
{1,0,0,0,1,1,0,0,0,1,1,1,0,0,0,1,1,0,0,1,0,1,0,1,0,1,0,1,1,0,1,0,1,0,1,0,1,0,1,0,1,0,1,0,0,1,0,1,1,0,1,1,0,0,0,1,1,1,0,1,1,0,0,1,1,0,0,1,1,0,0,0},
{0,0,0,1,1,0,0,1,1,0,0,1,1,0,1,1,1,0,0,0,1,1,0,1,1,0,1,0,0,1,0,1,0,1,0,1,0,1,0,1,0,1,0,1,0,0,1,0,1,0,1,0,1,0,0,1,1,0,0,0,1,1,1,0,0,0,1,1,0,0,0,1},
{0,0,1,1,0,0,1,1,0,0,1,0,1,0,1,1,1,1,0,1,1,1,0,0,1,1,0,1,1,0,1,0,1,0,1,0,1,0,1,0,1,0,1,0,0,1,0,1,0,1,0,1,1,0,0,0,0,1,0,0,0,0,0,1,1,1,1,0,0,0,1,1},
{0,0,1,1,0,0,1,1,0,1,1,0,1,0,1,1,0,1,0,0,1,1,1,0,0,1,1,0,1,1,0,1,0,1,0,1,0,1,0,1,1,0,1,0,1,0,1,0,1,0,1,0,1,1,0,1,1,0,0,1,1,1,1,1,0,0,0,0,1,1,1,1},
{0,1,1,1,0,0,1,0,0,1,1,0,1,0,1,0,1,1,0,1,1,1,1,1,0,0,1,1,0,1,1,0,1,0,1,0,0,1,0,1,0,1,0,1,0,1,0,1,0,1,0,1,0,1,0,1,0,0,1,1,0,0,0,0,0,1,1,1,1,1,0,0},
{0,1,1,1,0,0,1,1,0,1,1,0,1,1,0,1,0,0,1,1,1,1,1,1,1,0,0,1,1,0,0,1,0,1,0,0,1,0,1,0,1,0,1,1,0,1,0,1,0,1,0,1,0,1,1,0,1,1,0,0,1,1,1,1,1,1,1,1,0,0,0,0},
{0,0,1,1,0,0,1,1,0,0,1,0,0,1,1,0,0,1,1,0,0,0,0,0,1,1,1,0,0,1,1,0,1,0,0,1,0,1,0,1,1,0,1,0,1,0,0,1,0,1,0,1,1,0,1,0,0,1,1,1,0,0,0,0,0,0,0,0,0,0,1,1},
{0,0,1,1,0,0,1,1,1,0,1,1,0,0,1,1,1,0,0,0,0,0,0,0,0,0,1,1,1,0,1,1,0,1,1,0,1,1,0,1,0,1,1,0,1,0,1,1,0,1,0,0,1,0,0,1,0,0,0,1,1,1,1,1,1,1,1,1,1,1,1,1},
{0,0,0,1,1,0,0,1,1,1,0,0,1,1,0,0,0,1,1,1,1,1,1,1,1,1,0,0,1,1,0,0,1,1,0,1,1,0,1,0,0,1,0,1,1,0,1,1,0,1,0,0,1,1,0,0,1,1,0,0,0,0,1,1,1,1,1,1,1,1,1,0},
{1,0,0,1,1,1,0,0,1,1,1,0,0,0,1,1,1,0,0,0,0,0,0,0,0,1,1,1,0,0,1,1,0,0,1,1,0,1,1,0,1,1,0,1,1,0,1,1,0,1,1,0,1,1,0,0,0,1,1,1,0,0,0,0,0,0,0,0,0,0,0,0},
{1,0,0,0,1,1,1,0,0,0,1,1,1,0,0,0,0,1,1,1,1,1,1,1,1,0,0,0,1,1,1,0,0,1,1,0,1,1,0,0,1,0,0,1,0,0,1,1,0,1,1,0,0,1,1,0,0,0,1,1,1,1,1,0,0,0,0,0,0,0,0,0},
{1,1,0,0,0,1,1,1,1,0,0,0,1,1,1,1,0,0,0,0,0,0,0,0,0,1,1,1,1,0,0,1,1,0,0,1,1,0,0,1,1,0,1,1,0,0,1,1,0,0,1,1,0,0,1,1,1,0,0,0,1,1,1,1,1,1,1,1,1,1,1,1},
{1,1,1,1,0,0,0,1,1,1,1,0,0,0,0,1,1,1,1,1,1,1,1,1,1,0,0,0,0,1,1,1,0,0,1,1,0,0,1,1,0,0,1,1,0,0,1,1,0,0,1,1,0,0,0,1,1,1,0,0,0,0,0,1,1,1,1,1,1,1,1,1},
{0,0,1,1,1,0,0,0,0,1,1,1,1,1,0,0,0,0,0,0,0,0,0,0,0,0,1,1,1,1,0,0,0,1,1,0,0,1,1,0,0,0,1,1,0,0,1,1,0,0,1,1,1,0,0,0,1,1,1,1,0,0,0,0,0,0,0,0,0,0,0,0},
{0,0,0,1,1,1,1,0,0,0,0,0,1,1,1,1,1,1,1,1,1,1,1,1,1,1,1,0,0,0,0,1,1,1,0,0,1,1,1,0,0,1,1,0,0,0,1,1,0,0,1,1,1,0,0,0,0,1,1,1,1,1,0,0,0,0,0,0,0,0,0,0},
{1,0,0,0,0,1,1,1,1,1,0,0,0,0,0,0,0,0,1,1,1,0,0,0,0,0,0,0,1,1,1,1,0,0,0,1,1,1,0,0,1,1,1,0,0,1,1,1,0,0,0,1,1,1,0,0,0,0,1,1,1,1,1,1,1,0,0,0,0,0,0,0},
{1,1,1,0,0,0,0,1,1,1,1,1,1,1,0,0,0,0,0,0,0,0,0,0,0,1,1,1,1,1,0,0,0,0,1,1,1,0,0,0,1,1,0,0,0,1,1,1,0,0,0,1,1,1,1,0,0,0,0,1,1,1,1,1,1,1,1,1,1,1,1,1},
{1,1,1,1,1,0,0,0,0,0,0,1,1,1,1,1,1,1,1,1,1,1,1,1,1,1,1,0,0,0,0,0,1,1,1,1,0,0,0,1,1,1,0,0,0,1,1,1,0,0,0,0,1,1,1,1,0,0,0,0,0,1,1,1,1,1,1,1,1,1,1,1},
{0,0,1,1,1,1,1,1,0,0,0,0,0,0,0,0,0,1,1,1,1,0,0,0,0,0,0,0,0,0,1,1,1,1,0,0,0,0,1,1,1,0,0,0,0,1,1,1,0,0,0,0,1,1,1,1,1,0,0,0,0,0,0,1,1,1,1,1,1,1,1,1},
{0,0,0,0,0,1,1,1,1,1,1,0,0,0,0,0,0,0,0,0,0,0,0,0,0,0,1,1,1,1,1,1,0,0,0,0,0,1,1,1,1,0,0,0,1,1,1,1,0,0,0,0,1,1,1,1,1,1,0,0,0,0,0,0,0,0,0,1,1,1,1,1},
{1,1,0,0,0,0,0,0,1,1,1,1,1,1,1,1,1,1,1,1,1,1,1,1,1,1,1,1,1,1,0,0,0,0,0,1,1,1,1,1,0,0,0,0,1,1,1,1,0,0,0,0,0,1,1,1,1,1,1,0,0,0,0,0,0,0,0,0,0,0,0,0
}}}
;